4 5 6 1 7 8 9 
32 33 34 35 19 
32 33 34 35 19 
41 42 43 44 45 19 
36 37 38 39 40 19 
17 60 19 
36 37 38 39 40 19 
21 22 23 24 19 
63 64 65 66 67 19 
21 22 23 24 19 
68 41 69 13 70 71 19 72 
63 64 65 66 67 19 
41 42 43 44 45 19 
36 37 38 39 40 19 
41 42 43 44 45 19 
21 22 23 19 
21 22 23 19 
41 42 43 44 45 19 
41 42 43 44 45 19 
17 60 19 
41 42 43 44 45 19 
21 22 23 19 
36 37 38 39 40 19 
36 37 38 39 40 19 
41 42 43 44 45 19 
36 37 38 39 40 19 
41 42 43 44 45 19 
21 22 23 19 
41 42 43 44 45 19 
85 86 87 88 89 19 
85 86 87 88 89 19 
41 42 43 44 45 19 
41 42 43 44 45 19 
21 22 23 19 
90 28 91 79 92 19 
90 28 91 79 92 19 
41 42 43 44 45 19 
41 42 43 44 45 19 
90 28 91 79 92 19 
90 28 91 79 92 19 
90 28 91 79 92 19 
90 28 91 79 92 19 
36 37 38 39 40 19 
63 64 65 66 67 19 
63 64 65 66 67 19 
21 22 23 19 
41 42 43 44 45 19 
91 79 80 92 1 19 
41 42 43 44 45 19 
91 79 80 92 1 19 
41 42 43 44 45 19 
41 42 43 44 45 19 
21 22 23 19 
21 22 23 19 
36 37 38 39 40 19 
85 86 87 88 89 19 
85 86 87 88 89 19 
36 37 38 39 40 19 
91 79 80 92 1 19 
91 79 80 92 1 19 
91 79 80 92 1 19 
91 79 80 92 1 19 
91 79 80 92 1 19 
63 64 65 66 67 19 
63 64 65 66 67 19 
41 42 43 44 45 19 
41 42 43 44 45 19 
41 42 43 44 45 19 
41 42 43 44 45 19 
21 22 23 19 
91 79 80 92 1 19 
91 79 80 92 1 19 
85 86 87 88 89 19 
32 33 34 35 19 
36 37 38 39 40 19 
36 37 38 39 40 19 
41 42 43 44 45 19 
63 64 65 66 67 19 
41 42 43 44 45 19 
41 42 43 44 45 19 
41 42 43 44 45 19 
21 22 23 19 
21 22 23 19 
85 86 87 88 89 19 
91 79 80 92 1 19 
100 101 102 103 104 105 19 
91 79 80 92 1 19 
91 79 80 92 1 19 
63 64 65 66 67 19 
21 22 23 19 
85 86 87 88 89 19 
85 86 87 88 89 19 
85 86 87 88 89 19 
85 86 87 88 89 19 
85 86 87 88 89 19 
85 86 87 88 89 19 
21 22 23 19 
85 86 87 88 89 19 
41 42 43 44 45 19 
41 42 43 44 45 19 
91 79 80 92 1 19 
63 64 65 66 67 19 
21 22 23 19 
28 106 107 108 109 19 
28 106 107 108 109 19 
110 111 112 113 114 115 1 23 
91 79 80 92 1 19 
91 79 80 92 1 19 
21 22 23 19 
21 22 23 19 
85 86 87 88 89 19 
41 42 43 44 45 19 
36 37 38 39 40 19 
28 106 107 108 109 19 
100 101 102 103 104 105 19 
28 106 107 108 109 19 
91 79 80 92 1 19 
63 64 65 66 67 19 
36 122 105 123 124 125 19 
36 122 105 123 124 125 19 
36 122 105 123 124 125 19 
36 122 105 123 124 125 19 
36 122 105 123 124 125 19 
36 122 105 123 124 125 19 
36 37 38 39 40 19 
36 122 105 123 124 125 19 
136 137 138 139 140 141 19 28 142 143 
41 42 43 44 45 19 
90 28 91 79 92 19 
90 28 91 79 92 19 
90 28 91 79 92 19 
36 122 105 123 124 125 19 
36 122 105 123 124 125 19 
91 79 80 92 1 19 
91 79 80 92 1 19 
91 79 80 92 1 19 
41 42 43 44 45 19 
91 79 80 92 1 19 
91 79 80 92 1 19 
41 42 43 44 45 19 
91 79 80 92 1 19 
91 79 80 92 1 19 
91 79 80 92 1 19 
149 150 151 6 152 153 1 
91 79 80 92 1 19 
36 122 105 123 124 125 19 
41 42 43 44 45 19 
85 86 87 88 89 19 
85 86 87 88 89 19 
85 86 87 88 89 19 
63 64 65 66 67 19 
41 42 43 44 45 19 
91 79 80 92 1 19 
91 79 80 92 1 19 
63 64 65 66 67 19 
85 86 87 88 89 19 
116 1 154 
28 106 107 108 109 19 
28 106 107 108 109 19 
155 156 1 157 158 
41 42 43 44 45 19 
41 42 43 44 45 19 
41 42 43 44 45 19 
63 64 65 66 67 19 
100 101 102 103 104 105 19 
63 64 65 66 67 19 
36 37 38 39 40 19 
85 86 87 88 89 19 
36 37 38 39 40 19 
28 106 107 108 109 19 
28 106 107 108 109 19 
28 106 107 108 109 19 
28 106 107 108 109 19 
28 106 107 108 109 19 
63 64 65 66 67 19 
36 37 38 39 40 19 
91 79 80 92 1 19 
28 106 107 108 109 19 
41 42 43 44 45 19 
28 91 79 92 9 19 
41 42 43 44 45 19 
28 106 107 108 109 19 
28 91 79 92 9 19 
41 42 43 44 45 19 
41 42 43 44 45 19 
41 42 43 44 45 19 
41 42 43 44 45 19 
100 101 102 103 104 105 19 
100 101 102 103 104 105 19 
100 101 102 103 104 105 19 
63 64 65 66 67 19 
63 64 65 66 67 19 
63 64 65 66 67 19 
85 86 87 88 89 19 
85 86 87 88 89 19 
85 86 87 88 89 19 
36 37 38 39 40 19 
85 86 87 88 89 19 
36 37 38 39 40 19 
21 22 23 19 
21 22 23 19 
91 79 80 92 1 19 
91 79 80 92 1 19 
28 106 107 108 109 19 
28 106 107 108 109 19 
28 106 107 108 109 19 
41 42 43 44 45 19 
41 42 43 44 45 19 
41 42 43 44 45 19 
41 42 43 44 45 19 
41 42 43 44 45 19 
41 42 43 44 45 19 
100 101 102 103 104 105 19 
100 101 102 103 104 105 19 
100 101 102 103 104 105 19 
100 101 102 103 104 105 19 
100 101 102 103 104 105 19 
100 101 102 103 104 105 19 
100 101 102 103 104 105 19 
63 64 65 66 67 19 
85 86 87 88 89 19 
85 86 87 88 89 19 
85 86 87 88 89 19 
36 37 38 39 40 19 
85 86 87 88 89 19 
85 86 87 88 89 19 
36 37 38 39 40 19 
85 86 87 88 89 19 
36 37 38 39 40 19 
36 37 38 39 40 19 
91 79 80 92 1 19 
91 79 80 92 1 19 
91 79 80 92 1 19 
91 79 80 92 1 19 
91 79 80 92 1 19 
91 79 80 92 1 19 
91 79 80 92 1 19 
91 79 80 92 1 19 
28 106 107 108 109 19 
28 106 107 108 109 19 
28 106 107 108 109 19 
41 42 43 44 45 19 
28 106 107 108 109 19 
41 42 43 44 45 19 
41 42 43 44 45 19 
100 101 102 103 104 105 19 
100 101 102 103 104 105 19 
100 101 102 103 104 105 19 
161 162 163 164 95 19 
100 101 102 103 104 105 19 
161 162 163 164 95 19 
161 162 163 164 95 19 
161 162 163 164 95 19 
161 162 163 164 95 19 
63 64 65 66 67 19 
63 64 65 66 67 19 
63 64 65 66 67 19 
63 64 65 66 67 19 
63 64 65 66 67 19 
63 64 65 66 67 19 
100 101 102 103 104 105 19 
100 101 102 103 104 105 19 
85 86 87 88 89 19 
36 37 38 39 40 19 
85 86 87 88 89 19 
36 37 38 39 40 19 
91 79 80 92 1 19 
28 91 79 92 9 19 
28 91 79 92 9 19 
41 42 43 44 45 19 
28 106 107 108 109 19 
28 91 79 92 9 19 
28 106 107 108 109 19 
41 42 43 44 45 19 
100 101 102 103 104 105 19 
100 101 102 103 104 105 19 
100 101 102 103 104 105 19 
161 162 163 164 95 19 
161 162 163 164 95 19 
161 162 163 164 95 19 
161 162 163 164 95 19 
85 86 87 88 89 19 
85 86 87 88 89 19 
85 86 87 88 89 19 
85 86 87 88 89 19 
36 37 38 39 40 19 
169 170 48 19 
165 166 1 167 148 168 
21 22 23 19 
85 86 87 88 89 19 
85 86 87 88 89 19 
91 79 80 92 1 19 
91 79 80 92 1 19 
28 91 79 92 9 19 
28 106 107 108 109 19 
28 106 107 108 109 19 
41 42 43 44 45 19 
28 106 107 108 109 19 
41 42 43 44 45 19 
41 42 43 44 45 19 
41 42 43 44 45 19 
28 106 107 108 109 19 
28 91 79 92 9 19 
41 42 43 44 45 19 
41 42 43 44 45 19 
41 42 43 44 45 19 
100 101 102 103 104 105 19 
100 101 102 103 104 105 19 
161 162 163 164 95 19 
161 162 163 164 95 19 
161 162 163 164 95 19 
63 64 65 66 67 19 
63 64 65 66 67 19 
85 86 87 88 89 19 
85 86 87 88 89 19 
169 170 48 19 
85 86 87 88 89 19 
36 37 38 39 40 19 
85 86 87 88 89 19 
36 37 38 39 40 19 
36 37 38 39 40 19 
36 37 38 39 40 19 
91 79 80 92 1 19 
91 79 80 92 1 19 
28 106 107 108 109 19 
28 106 107 108 109 19 
28 106 107 108 109 19 
28 106 107 108 109 19 
41 42 43 44 45 19 
41 42 43 44 45 19 
41 42 43 44 45 19 
28 91 79 92 9 19 
41 42 43 44 45 19 
41 42 43 44 45 19 
100 101 102 103 104 105 19 
161 162 163 164 95 19 
161 162 163 164 95 19 
161 162 163 164 95 19 
63 64 65 66 67 19 
85 86 87 88 89 19 
85 86 87 88 89 19 
85 86 87 88 89 19 
169 170 48 19 
85 86 87 88 89 19 
85 86 87 88 89 19 
91 79 80 92 1 19 
91 79 80 92 1 19 
91 79 80 92 1 19 
91 79 80 92 1 19 
91 79 80 92 1 19 
91 79 80 92 1 19 
41 42 43 44 45 19 
28 91 79 92 9 19 
100 101 102 103 104 105 19 
100 101 102 103 104 105 19 
100 101 102 103 104 105 19 
161 162 163 164 95 19 
161 162 163 164 95 19 
28 106 107 108 109 19 
28 106 107 108 109 19 
28 106 107 108 109 19 
63 64 65 66 67 19 
63 64 65 66 67 19 
85 86 87 88 89 19 
85 86 87 88 89 19 
85 86 87 88 89 19 
85 86 87 88 89 19 
85 86 87 88 89 19 
169 170 48 19 
169 170 48 19 
36 37 38 39 40 19 
36 37 38 39 40 19 
169 170 48 19 
36 37 38 39 40 19 
36 37 38 39 40 19 
36 37 38 39 40 19 
28 106 107 108 109 19 
28 106 107 108 109 19 
28 106 107 108 109 19 
28 106 107 108 109 19 
28 106 107 108 109 19 
41 42 43 44 45 19 
28 106 107 108 109 19 
41 42 43 44 45 19 
28 91 79 92 9 19 
41 42 43 44 45 19 
28 91 79 92 9 19 
41 42 43 44 45 19 
41 42 43 44 45 19 
100 101 102 103 104 105 19 
100 101 102 103 104 105 19 
161 162 163 164 95 19 
161 162 163 164 95 19 
161 162 163 164 95 19 
100 101 102 103 104 105 19 
63 64 65 66 67 19 
63 64 65 66 67 19 
85 86 87 88 89 19 
85 86 87 88 89 19 
85 86 87 88 89 19 
91 79 80 92 1 19 
91 79 80 92 1 19 
169 170 48 19 
36 37 38 39 40 19 
169 170 48 19 
36 37 38 39 40 19 
169 170 48 19 
169 170 48 19 
169 170 48 19 
169 170 48 19 
169 170 48 19 
36 37 38 39 40 19 
41 42 43 44 45 19 
28 106 107 108 109 19 
41 42 43 44 45 19 
28 106 107 108 109 19 
41 42 43 44 45 19 
28 106 107 108 109 19 
28 91 79 92 9 19 
28 91 79 92 9 19 
100 101 102 103 104 105 19 
100 101 102 103 104 105 19 
100 101 102 103 104 105 19 
63 64 65 66 67 19 
63 64 65 66 67 19 
63 64 65 66 67 19 
63 64 65 66 67 19 
63 64 65 66 67 19 
63 64 65 66 67 19 
85 86 87 88 89 19 
85 86 87 88 89 19 
91 79 80 92 1 19 
91 79 80 92 1 19 
91 79 80 92 1 19 
91 79 80 92 1 19 
91 79 80 92 1 19 
169 170 48 19 
169 170 48 19 
169 170 48 19 
169 170 48 19 
169 170 48 19 
28 106 107 108 109 19 
28 91 79 92 9 19 
28 91 79 92 9 19 
100 101 102 103 104 105 19 
100 101 102 103 104 105 19 
175 176 177 168 178 19 
161 162 163 164 95 19 
175 176 177 168 178 19 
161 162 163 164 95 19 
161 162 163 164 95 19 
63 64 65 66 67 19 
85 86 87 88 89 19 
85 86 87 88 89 19 
85 86 87 88 89 19 
85 86 87 88 89 19 
91 79 80 92 1 19 
91 79 80 92 1 19 
91 79 80 92 1 19 
91 79 80 92 1 19 
91 79 80 92 1 19 
91 79 80 92 1 19 
36 175 176 168 178 19 
36 175 176 168 178 19 
179 180 181 182 183 19 
179 180 181 182 183 19 
91 79 80 92 1 19 
169 170 48 19 
41 42 43 44 45 19 
41 42 43 44 45 19 
41 42 43 44 45 19 
28 106 107 108 109 19 
41 42 43 44 45 19 
41 42 43 44 45 19 
28 106 107 108 109 19 
28 91 79 92 9 19 
36 37 38 39 40 19 
28 91 79 92 9 19 
28 91 79 92 9 19 
28 91 79 92 9 19 
28 91 79 92 9 19 
36 37 38 39 40 19 
36 37 38 39 40 19 
36 37 38 39 40 19 
36 37 38 39 40 19 
36 37 38 39 40 19 
36 37 38 39 40 19 
100 101 102 103 104 105 19 
36 37 38 39 40 19 
100 101 102 103 104 105 19 
100 101 102 103 104 105 19 
100 101 102 103 104 105 19 
100 101 102 103 104 105 19 
100 101 102 103 104 105 19 
63 64 65 66 67 19 
63 64 65 66 67 19 
161 162 163 164 95 19 
63 64 65 66 67 19 
161 162 163 164 95 19 
85 86 87 88 89 19 
91 79 80 92 1 19 
91 79 80 92 1 19 
85 86 87 88 89 19 
36 175 176 168 178 19 
63 64 65 66 67 19 
63 64 65 66 67 19 
63 64 65 66 67 19 
63 64 65 66 67 19 
63 64 65 66 67 19 
100 101 102 103 104 105 19 
63 64 65 66 67 19 
85 86 87 88 89 19 
63 64 65 66 67 19 
85 86 87 88 89 19 
85 86 87 88 89 19 
63 64 65 66 67 19 
100 101 102 103 104 105 19 
63 64 65 66 67 19 
36 175 176 168 178 19 
100 101 102 103 104 105 19 
36 175 176 168 178 19 
85 86 87 88 89 19 
85 86 87 88 89 19 
85 86 87 88 89 19 
85 86 87 88 89 19 
85 86 87 88 89 19 
36 175 176 168 178 19 
85 86 87 88 89 19 
85 86 87 88 89 19 
85 86 87 88 89 19 
28 91 79 92 9 19 
100 101 102 103 104 105 19 
100 101 102 103 104 105 19 
100 101 102 103 104 105 19 
100 101 102 103 104 105 19 
100 101 102 103 104 105 19 
91 79 80 92 1 19 
100 101 102 103 104 105 19 
91 79 80 92 1 19 
91 79 80 92 1 19 
100 101 102 103 104 105 19 
36 175 176 168 178 19 
85 86 87 88 89 19 
28 106 107 108 109 19 
85 86 87 88 89 19 
36 175 176 168 178 19 
85 86 87 88 89 19 
36 175 176 168 178 19 
36 175 176 168 178 19 
169 170 48 19 
28 91 79 92 9 19 
28 91 79 92 9 19 
85 86 87 88 89 19 
36 175 176 168 178 19 
85 86 87 88 89 19 
100 101 102 103 104 105 19 
85 86 87 88 89 19 
169 170 48 19 
36 175 176 168 178 19 
100 101 102 103 104 105 19 
169 170 48 19 
36 175 176 168 178 19 
100 101 102 103 104 105 19 
36 175 176 168 178 19 
91 79 80 92 1 19 
169 170 48 19 
36 175 176 168 178 19 
100 101 102 103 104 105 19 
100 101 102 103 104 105 19 
85 86 87 88 89 19 
100 101 102 103 104 105 19 
100 101 102 103 104 105 19 
161 162 163 164 95 19 
85 86 87 88 89 19 
161 162 163 164 95 19 
28 91 79 92 9 19 
36 175 176 168 178 19 
169 170 48 19 
28 91 79 92 9 19 
28 91 79 92 9 19 
28 91 79 92 9 19 
100 101 102 103 104 105 19 
100 101 102 103 104 105 19 
63 64 65 66 67 19 
36 37 38 39 40 19 
36 175 176 168 178 19 
184 185 186 26 187 188 19 95 
36 175 176 168 178 19 
184 185 186 26 187 188 19 95 
28 91 79 92 9 19 
91 79 80 92 1 19 
36 175 176 168 178 19 
28 91 79 92 9 19 
184 185 186 26 187 188 19 95 
100 101 102 103 104 105 19 
189 190 191 192 193 194 168 195 196 19 
169 170 48 19 
100 101 102 103 104 105 19 
169 170 48 19 
100 101 102 103 104 105 19 
100 101 102 103 104 105 19 
36 37 38 39 40 19 
169 170 48 19 
169 170 48 19 
169 170 48 19 
100 101 102 103 104 105 19 
100 101 102 103 104 105 19 
36 175 176 168 178 19 
91 79 80 92 1 19 
36 175 176 168 178 19 
91 79 80 92 1 19 
91 79 80 92 1 19 
85 86 87 88 89 19 
85 86 87 88 89 19 
85 86 87 88 89 19 
85 86 87 88 89 19 
63 64 65 66 67 19 
28 106 107 108 109 19 
169 170 48 19 
28 91 79 92 9 19 
169 170 48 19 
28 106 107 108 109 19 
28 91 79 92 9 19 
28 106 107 108 109 19 
28 91 79 92 9 19 
28 91 79 92 9 19 
28 91 79 92 9 19 
36 175 176 168 178 19 
85 86 87 88 89 19 
169 170 48 19 
100 101 102 103 104 105 19 
169 170 48 19 
169 170 48 19 
100 101 102 103 104 105 19 
100 101 102 103 104 105 19 
36 37 38 39 40 19 
63 64 65 66 67 19 
36 37 38 39 40 19 
36 175 176 168 178 19 
36 175 176 168 178 19 
36 175 176 168 178 19 
36 175 176 168 178 19 
85 86 87 88 89 19 
184 185 186 26 187 188 19 95 
36 175 176 168 178 19 
85 86 87 88 89 19 
200 201 19 95 
200 201 19 95 
200 201 19 95 
85 86 87 88 89 19 
100 101 102 103 104 105 19 
85 86 87 88 89 19 
100 101 102 103 104 105 19 
169 170 48 19 
85 86 87 88 89 19 
28 91 79 92 9 19 
28 91 79 92 9 19 
200 201 19 95 
85 86 87 88 89 19 
100 101 102 103 104 105 19 
100 101 102 103 104 105 19 
85 86 87 88 89 19 
100 101 102 103 104 105 19 
28 91 79 92 9 19 
161 162 163 164 95 19 
200 201 19 95 
200 201 19 95 
85 86 87 88 89 19 
28 106 107 108 109 19 
28 106 107 108 109 19 
91 79 80 92 1 19 
175 176 177 168 178 19 
175 176 177 168 178 19 
36 175 176 168 178 19 
36 175 176 168 178 19 
175 176 177 168 178 19 
36 175 176 168 178 19 
169 170 48 19 
28 91 79 92 9 19 
91 79 80 92 1 19 
41 42 43 44 45 19 
28 106 107 108 109 19 
169 170 48 19 
169 170 48 19 
169 170 48 19 
85 86 87 88 89 19 
91 79 80 92 1 19 
28 106 107 108 109 19 
169 170 48 19 
85 86 87 88 89 19 
91 79 80 92 1 19 
161 162 163 164 95 19 
85 86 87 88 89 19 
169 170 48 19 
169 170 48 19 
100 101 102 103 104 105 19 
91 79 80 92 1 19 
100 101 102 103 104 105 19 
36 175 176 168 178 19 
36 175 176 168 178 19 
169 170 48 19 
91 79 80 92 1 19 
184 185 186 26 187 188 19 95 
36 37 38 39 40 19 
184 185 186 26 187 188 19 95 
91 79 80 92 1 19 
184 185 186 26 187 188 19 95 
175 176 168 178 19 
28 106 107 108 109 19 
41 42 43 44 45 19 
63 64 65 66 67 19 
41 42 43 44 45 19 
169 170 48 19 
63 64 65 66 67 19 
41 42 43 44 45 19 
169 170 48 19 
63 64 65 66 67 19 
41 42 43 44 45 19 
169 170 48 19 
41 42 43 44 45 19 
41 42 43 44 45 19 
36 175 176 168 178 19 
100 101 102 103 104 105 19 
184 185 186 26 187 188 19 95 
184 185 186 26 187 188 19 95 
169 170 48 19 
36 175 176 168 178 19 
100 101 102 103 104 105 19 
100 101 102 103 104 105 19 
184 185 186 26 187 188 19 95 
100 101 102 103 104 105 19 
184 185 186 26 187 188 19 95 
36 175 176 168 178 19 
100 101 102 103 104 105 19 
36 175 176 168 178 19 
36 175 176 168 178 19 
100 101 102 103 104 105 19 
36 175 176 168 178 19 
184 185 186 26 187 188 19 95 
36 37 38 39 40 19 
100 101 102 103 104 105 19 
85 86 87 88 89 19 
36 37 38 39 40 19 
85 86 87 88 89 19 
91 79 80 92 1 19 
91 79 80 92 1 19 
184 185 186 26 187 188 19 95 
91 79 80 92 1 19 
91 79 80 92 1 19 
169 170 48 19 
100 101 102 103 104 105 19 
169 170 48 19 
184 185 186 26 187 188 19 95 
63 64 65 66 67 19 
41 42 43 44 45 19 
28 106 107 108 109 19 
28 106 107 108 109 19 
63 64 65 66 67 19 
28 106 107 108 109 19 
28 91 79 92 9 19 
91 79 80 92 1 19 
28 91 79 92 9 19 
91 79 80 92 1 19 
28 106 107 108 109 19 
63 64 65 66 67 19 
36 175 176 168 178 19 
28 106 107 108 109 19 
91 79 80 92 1 19 
85 86 87 88 89 19 
85 86 87 88 89 19 
28 106 107 108 109 19 
169 170 48 19 
169 170 48 19 
36 175 176 168 178 19 
169 170 48 19 
161 162 163 164 95 19 
36 175 176 168 178 19 
28 106 107 108 109 19 
36 175 176 168 178 19 
63 64 65 66 67 19 
41 42 43 44 45 19 
161 162 163 164 95 19 
169 170 48 19 
36 175 176 168 178 19 
63 64 65 66 67 19 
41 42 43 44 45 19 
63 64 65 66 67 19 
100 101 102 103 104 105 19 
63 64 65 66 67 19 
184 185 186 26 187 188 19 95 
36 175 176 168 178 19 
36 175 176 168 178 19 
100 101 102 103 104 105 19 
91 79 80 92 1 19 
85 86 87 88 89 19 
36 175 176 168 178 19 
85 86 87 88 89 19 
91 79 80 92 1 19 
161 162 163 164 95 19 
161 162 163 164 95 19 
184 185 186 26 187 188 19 95 
85 86 87 88 89 19 
91 79 80 92 1 19 
169 170 48 19 
169 170 48 19 
169 170 48 19 
41 42 43 44 45 19 
36 175 176 168 178 19 
28 91 79 92 9 19 
28 91 79 92 9 19 
28 91 79 92 9 19 
28 91 79 92 9 19 
175 176 177 168 178 19 
28 91 79 92 9 19 
184 185 186 26 187 188 19 95 
100 101 102 103 104 105 19 
175 176 177 168 178 19 
184 185 186 26 187 188 19 95 
100 101 102 103 104 105 19 
169 170 48 19 
169 170 48 19 
91 79 80 92 1 19 
91 79 80 92 1 19 
36 37 38 39 40 19 
91 79 80 92 1 19 
161 162 163 164 95 19 
91 79 80 92 1 19 
91 79 80 92 1 19 
28 106 107 108 109 19 
91 79 80 92 1 19 
36 175 176 168 178 19 
63 64 65 66 67 19 
41 42 43 44 45 19 
91 79 80 92 1 19 
63 64 65 66 67 19 
41 42 43 44 45 19 
63 64 65 66 67 19 
41 42 43 44 45 19 
41 42 43 44 45 19 
169 170 48 19 
169 170 48 19 
41 42 43 44 45 19 
63 64 65 66 67 19 
41 42 43 44 45 19 
91 79 80 92 1 19 
169 170 48 19 
41 42 43 44 45 19 
36 37 38 39 40 19 
41 42 43 44 45 19 
36 37 38 39 40 19 
63 64 65 66 67 19 
63 64 65 66 67 19 
91 79 80 92 1 19 
63 64 65 66 67 19 
91 79 80 92 1 19 
91 79 80 92 1 19 
91 79 80 92 1 19 
91 79 80 92 1 19 
28 106 107 108 109 19 
100 101 102 103 104 105 19 
91 79 80 92 1 19 
28 106 107 108 109 19 
28 91 79 92 9 19 
100 101 102 103 104 105 19 
91 79 80 92 1 19 
100 101 102 103 104 105 19 
100 101 102 103 104 105 19 
100 101 102 103 104 105 19 
36 175 176 168 178 19 
36 175 176 168 178 19 
36 175 176 168 178 19 
100 101 102 103 104 105 19 
91 79 80 92 1 19 
36 175 176 168 178 19 
91 79 80 92 1 19 
91 79 80 92 1 19 
91 79 80 92 1 19 
91 79 80 92 1 19 
91 79 80 92 1 19 
184 185 186 26 187 188 19 95 
184 185 186 26 187 188 19 95 
91 79 80 92 1 19 
36 206 207 208 209 105 95 19 
91 79 80 92 1 19 
36 206 207 208 209 105 95 19 
184 185 186 26 187 188 19 95 
36 206 207 208 209 105 95 19 
184 185 186 26 187 188 19 95 
41 42 43 44 45 19 
36 206 207 208 209 105 95 19 
36 37 38 39 40 19 
91 79 80 92 1 19 
41 42 43 44 45 19 
91 79 80 92 1 19 
91 79 80 92 1 19 
85 86 87 88 89 19 
36 206 207 208 209 105 95 19 
85 86 87 88 89 19 
91 79 80 92 1 19 
161 162 163 164 95 19 
161 162 163 164 95 19 
175 176 177 168 178 19 
36 206 207 208 209 105 95 19 
184 185 186 26 187 188 19 95 
161 162 163 164 95 19 
36 206 207 208 209 105 95 19 
161 162 163 164 95 19 
36 206 207 208 209 105 95 19 
100 101 102 103 104 105 19 
161 162 163 164 95 19 
36 175 176 168 178 19 
36 175 176 168 178 19 
100 101 102 103 104 105 19 
36 175 176 168 178 19 
41 42 43 44 45 19 
63 64 65 66 67 19 
41 42 43 44 45 19 
41 42 43 44 45 19 
63 64 65 66 67 19 
161 162 163 164 95 19 
28 91 79 92 9 19 
41 42 43 44 45 19 
36 206 207 208 209 105 95 19 
36 206 207 208 209 105 95 19 
36 175 176 168 178 19 
41 42 43 44 45 19 
161 162 163 164 95 19 
28 91 79 92 9 19 
36 37 38 39 40 19 
63 64 65 66 67 19 
63 64 65 66 67 19 
28 91 79 92 9 19 
36 37 38 39 40 19 
169 170 48 19 
36 37 38 39 40 19 
36 37 38 39 40 19 
28 106 107 108 109 19 
36 37 38 39 40 19 
28 106 107 108 109 19 
36 37 38 39 40 19 
184 185 186 26 187 188 19 95 
36 37 38 39 40 19 
63 64 65 66 67 19 
63 64 65 66 67 19 
41 42 43 44 45 19 
41 42 43 44 45 19 
220 221 19 
184 185 186 26 187 188 19 95 
41 42 43 44 45 19 
91 79 80 92 1 19 
222 197 223 60 17 19 
28 91 79 92 9 19 
169 170 48 19 
169 170 48 19 
63 64 65 66 67 19 
169 170 48 19 
41 42 43 44 45 19 
36 175 176 168 178 19 
169 170 48 19 
36 175 176 168 178 19 
36 175 176 168 178 19 
169 170 48 19 
36 175 176 168 178 19 
100 101 102 103 104 105 19 
63 64 65 66 67 19 
169 170 48 19 
169 170 48 19 
85 86 87 88 89 19 
169 170 48 19 
169 170 48 19 
169 170 48 19 
63 64 65 66 67 19 
36 37 38 39 40 19 
169 170 48 19 
161 162 163 164 95 19 
169 170 48 19 
169 170 48 19 
63 64 65 66 67 19 
169 170 48 19 
91 79 80 92 1 19 
169 170 48 19 
41 42 43 44 45 19 
91 79 80 92 1 19 
91 79 80 92 1 19 
28 106 107 108 109 19 
41 42 43 44 45 19 
224 206 225 71 19 226 213 227 
85 86 87 88 89 19 
85 86 87 88 89 19 
85 86 87 88 89 19 
184 185 186 26 187 188 19 95 
85 86 87 88 89 19 
184 185 186 26 187 188 19 95 
184 185 186 26 187 188 19 95 
184 185 186 26 187 188 19 95 
184 185 186 26 187 188 19 95 
237 238 71 239 1 240 241 
237 238 71 239 1 240 241 
237 238 71 239 1 240 241 
237 238 71 239 1 240 241 
