423 424 144 425 426 427 
428 429 430 88 431 432 423 424 144 427 
423 424 144 425 426 427 
423 424 144 425 426 427 
433 434 435 436 437 438 439 
284 440 437 441 442 443 444 86 433 445 
446 144 435 436 437 
437 447 105 47 
284 440 437 441 442 443 444 86 433 445 
448 432 424 449 450 451 452 445 437 
433 434 435 436 437 438 439 
428 429 430 88 431 432 423 424 144 437 
453 454 455 144 456 457 458 459 460 437 
433 434 435 436 437 438 439 
428 429 430 88 431 432 423 424 144 437 
448 432 424 449 450 451 452 445 437 
433 434 435 436 437 438 439 
428 429 430 88 431 432 423 424 144 437 
432 341 424 451 452 445 437 
453 454 455 144 456 457 458 459 460 437 
461 462 425 426 144 463 437 464 
461 462 425 426 144 463 437 464 
465 466 467 433 66 468 211 469 437 
144 456 457 458 459 460 437 
453 454 455 144 456 457 458 459 460 437 
470 471 472 144 435 436 473 437 
334 474 144 437 
202 475 476 469 437 
471 477 202 478 479 480 476 437 
471 477 202 478 479 480 476 437 
428 429 431 289 481 482 483 484 144 437 
432 341 424 451 452 445 437 
453 454 455 144 456 457 458 459 460 437 
428 429 431 289 481 482 483 484 144 437 
453 454 455 144 456 457 458 459 460 437 
428 429 431 289 481 482 483 484 144 437 
432 341 424 451 452 445 437 
428 429 431 289 481 482 483 484 144 437 
485 486 31 144 487 437 
488 489 490 491 144 427 
485 486 31 144 487 437 
334 474 144 437 
334 474 144 437 
453 454 455 144 456 457 458 459 460 437 
432 341 424 451 452 445 437 
492 493 494 495 496 497 498 499 437 
500 144 501 502 503 504 505 506 507 508 509 510 511 512 513 437 
514 504 515 516 517 501 445 437 
514 504 515 516 517 501 445 437 
428 518 514 504 515 516 517 501 445 437 
519 520 521 522 471 523 524 525 526 527 528 437 
500 144 501 502 503 504 505 506 507 508 509 510 511 512 513 437 
500 144 501 502 503 504 505 506 507 508 509 510 511 512 513 437 
453 454 455 144 456 457 458 459 460 437 
428 518 514 504 515 516 517 501 445 437 
529 471 530 526 531 493 527 528 437 
144 501 331 503 504 505 506 507 508 509 510 512 513 211 532 533 437 
428 518 514 504 515 516 517 501 445 437 
500 144 501 502 503 504 505 506 507 508 509 510 511 512 513 437 
485 486 31 144 487 437 
428 518 514 504 515 516 517 501 445 437 
534 535 506 66 1 536 437 501 537 538 539 512 540 541 
500 144 501 502 542 505 506 507 508 509 510 511 512 513 437 
144 456 457 458 459 460 437 
543 544 144 545 546 479 479 547 437 
453 454 455 144 456 457 458 459 460 437 
144 134 548 549 123 550 437 
144 134 548 549 123 550 437 
439 551 144 425 426 437 552 
553 462 144 442 554 555 433 471 437 
439 551 144 425 426 437 556 557 558 559 
553 462 144 442 554 555 433 471 437 
453 454 455 144 456 457 458 459 460 437 
144 134 548 549 123 550 437 
560 561 562 563 564 437 61 
560 561 562 563 564 437 20 
560 561 562 563 564 437 20 
565 566 567 568 569 23 437 570 
506 66 86 571 572 66 573 211 574 575 576 437 
577 425 426 578 144 437 
437 579 391 580 506 581 582 583 584 585 
425 426 578 144 71 437 
437 579 391 580 506 581 582 583 584 585 
578 144 586 425 426 437 587 
577 425 426 578 144 437 
588 439 437 589 590 591 
496 562 563 190 592 437 
549 123 550 437 
549 123 550 437 
578 144 586 425 426 437 
549 123 550 437 
593 594 595 596 458 597 144 433 598 599 437 
549 123 550 437 
434 437 578 144 586 425 426 
425 426 144 13 564 437 600 556 
434 437 578 144 586 425 426 
434 437 578 144 586 425 426 
578 144 586 425 426 437 61 
425 426 601 526 602 603 437 
604 202 334 605 323 606 607 433 437 
578 144 586 425 426 437 61 
144 88 437 433 608 
604 202 334 605 323 606 607 433 437 
609 610 611 612 437 
437 613 34 614 188 615 616 433 144 617 618 
66 1 437 
619 581 620 334 566 437 
621 622 623 346 624 625 626 437 
144 154 618 627 442 614 628 437 
629 630 453 631 544 632 437 608 633 154 
634 635 39 636 437 608 637 
111 638 188 639 629 630 453 631 544 632 437 637 
425 426 578 144 71 437 
437 34 640 614 628 641 642 433 
643 441 617 437 644 645 642 608 433 
646 116 647 437 648 633 608 
649 36 650 651 111 112 437 
144 652 517 66 468 653 506 472 437 
646 116 647 437 648 633 608 
654 493 655 472 463 656 657 442 144 437 
654 493 655 472 463 656 657 442 144 437 
654 493 655 472 463 656 657 442 144 437 
658 73 377 437 
425 426 578 144 71 437 
659 425 426 660 437 
425 426 578 144 71 437 
654 493 655 472 463 656 657 442 144 437 
661 662 437 642 633 637 
661 662 437 642 633 
663 447 664 437 
437 665 578 144 586 425 426 
666 667 493 499 668 656 657 437 468 66 431 442 
666 667 493 499 668 656 657 437 468 66 431 442 144 
617 669 632 437 637 
437 165 648 155 433 445 670 
437 648 154 671 
522 437 478 479 672 673 
674 196 675 476 676 677 144 437 
674 196 678 437 
674 196 675 476 676 677 144 437 
674 196 678 437 637 
63 679 595 437 
680 350 681 104 163 682 634 683 437 
487 684 685 686 687 539 688 689 690 691 437 
692 693 625 694 695 695 437 
692 693 625 694 695 695 437 
425 426 144 435 436 437 
425 426 144 435 436 437 
36 75 304 696 697 698 699 437 
36 75 304 696 697 698 699 437 
700 286 701 702 144 437 703 
704 705 706 707 708 437 703 608 709 633 637 
710 711 484 712 437 
334 713 437 
714 715 581 12 716 36 334 717 136 437 
714 715 581 12 716 36 334 717 136 437 
710 711 484 712 437 
334 713 437 
718 719 428 720 545 491 618 660 437 
721 722 592 437 
721 722 592 437 
718 719 428 720 545 491 618 660 437 
718 719 428 720 545 491 618 660 437 
723 724 437 334 562 
723 724 437 334 562 
725 437 726 
437 727 604 100 644 442 144 433 728 545 729 
437 727 604 100 644 442 144 433 728 545 
437 637 608 730 71 731 149 617 732 
369 733 442 445 633 437 122 
369 733 734 442 445 633 437 122 
369 733 734 442 445 633 437 122 
369 733 442 445 633 437 122 
369 733 442 445 633 437 122 
437 637 608 730 71 731 149 617 732 
369 733 734 442 445 633 437 122 
627 437 442 144 645 637 
627 437 442 144 645 
723 735 104 736 644 323 433 437 737 
723 735 104 736 644 323 433 437 737 
723 735 104 736 644 323 433 437 737 
627 437 442 144 645 
437 738 564 739 631 740 741 71 742 
27 743 744 745 685 437 746 
27 743 744 745 685 437 747 
744 745 685 748 437 
744 745 685 748 437 
749 750 437 
700 286 701 702 144 437 703 
704 705 706 707 708 437 703 608 709 633 751 
519 752 28 753 679 754 395 437 637 
519 752 28 753 679 754 395 437 637 
755 756 757 664 437 637 
437 617 627 438 439 442 144 433 637 
437 627 210 758 323 144 433 
437 644 287 433 759 760 761 653 645 
437 644 287 433 759 760 761 653 645 
617 648 211 445 433 637 608 437 
627 762 210 758 323 144 433 437 633 
627 762 210 758 323 144 433 437 633 
762 210 758 323 144 433 437 763 466 764 
762 210 758 323 144 433 437 763 466 764 
762 210 758 323 144 433 437 763 466 764 
762 210 758 323 144 433 437 149 
762 210 758 323 144 433 437 149 
437 727 604 100 442 144 433 
437 727 604 100 442 144 433 
442 144 433 437 670 679 542 
442 144 433 437 670 679 542 
476 676 677 144 437 
476 676 677 144 437 
765 31 766 761 317 437 
765 31 766 761 317 437 
767 86 476 144 765 437 
767 86 476 144 765 437 
762 210 758 323 144 433 627 768 542 437 
769 770 445 437 
769 770 445 437 
588 439 442 144 433 437 608 71 
588 439 442 144 433 437 608 71 
771 442 144 437 647 772 773 
771 442 144 437 647 772 773 
771 442 144 437 647 772 773 
771 442 144 437 647 772 773 
771 442 144 437 647 772 773 
771 442 144 437 647 772 773 
771 442 144 437 647 772 773 
771 442 144 437 647 772 773 
771 442 144 437 647 772 773 
771 442 144 437 647 772 773 
771 442 144 774 437 
771 442 144 437 647 772 773 
771 442 144 775 437 558 559 
771 442 144 775 437 558 559 
776 777 437 778 210 758 323 
771 442 144 775 437 558 559 
771 442 144 774 437 433 425 426 
771 442 144 774 437 433 425 426 
41 437 637 71 633 
41 437 637 71 633 
217 375 779 780 781 357 437 
782 771 774 442 144 433 437 
782 771 774 442 144 433 437 
782 771 774 442 144 433 437 
437 608 644 287 771 774 442 144 
437 608 644 287 771 774 442 144 
425 426 202 323 442 144 437 
425 426 202 323 442 144 437 
662 458 391 13 783 784 785 786 437 
662 458 391 13 783 784 785 786 437 
553 172 787 788 789 790 750 437 637 
553 172 787 788 789 790 750 437 637 
210 66 600 433 767 323 791 190 136 144 61 24 437 
210 66 600 433 767 323 791 190 136 144 61 24 437 
210 66 600 433 767 323 791 190 136 144 61 24 437 
210 66 600 433 767 323 791 190 136 144 61 24 437 
210 66 600 433 767 323 791 190 136 144 61 24 437 
210 66 600 433 767 323 791 190 136 144 61 24 437 
210 66 600 433 767 323 791 190 136 144 61 24 437 
210 66 600 433 767 323 791 190 136 144 61 24 437 
121 792 607 793 433 767 534 144 437 617 794 795 796 797 
121 792 607 793 433 767 534 144 437 617 794 795 796 797 
202 798 144 437 
202 798 144 437 
202 798 144 437 
28 799 800 437 90 128 
28 799 800 437 90 128 
28 799 800 437 90 128 
801 802 803 804 805 806 437 
801 802 803 804 805 806 437 
437 439 442 445 807 604 100 
437 439 442 445 807 604 100 
808 759 809 433 445 437 
808 759 809 433 445 437 
808 759 809 433 445 437 
808 759 809 433 445 437 
810 626 811 437 
810 626 811 437 
812 813 759 814 1 71 144 437 
237 815 816 91 79 437 
237 815 816 91 79 437 
817 818 564 522 346 437 71 433 
817 818 564 522 346 437 71 433 
817 818 564 522 346 437 71 433 
817 818 564 522 346 437 71 433 
817 818 564 522 346 437 71 433 
817 818 564 522 346 437 71 433 
819 7 734 542 437 637 
820 647 433 821 144 634 639 437 
822 759 814 1 71 144 437 
823 662 824 437 633 
437 55 825 826 319 404 827 828 
437 55 825 826 319 404 827 828 
829 830 831 233 832 790 833 472 437 
437 55 825 826 319 404 827 828 
437 55 825 826 319 404 827 828 
425 426 397 23 437 122 198 397 512 834 835 
425 426 397 23 437 122 198 397 512 834 835 
425 426 397 23 437 122 198 397 512 834 835 
836 790 144 433 837 838 437 
839 840 390 437 
839 840 390 437 
839 840 390 437 
839 840 390 437 
841 842 843 144 526 437 
844 841 842 66 468 434 437 
841 842 843 144 526 437 
844 841 842 66 468 434 437 
844 841 842 66 468 434 437 
844 841 842 66 468 434 437 
844 841 842 66 468 434 437 
844 841 842 66 468 434 437 
437 645 323 433 
437 645 323 433 
23 845 846 637 437 
23 845 846 637 437 
662 458 818 75 783 458 549 847 437 
23 845 846 637 437 
23 845 846 637 437 
848 17 209 849 437 
848 17 209 849 437 
848 17 209 849 437 637 
848 17 209 849 437 637 
848 17 209 849 437 
848 17 209 849 437 
848 17 209 849 437 637 
850 851 852 853 437 637 
850 851 852 853 437 637 
850 851 852 853 437 637 
850 851 852 853 437 637 
357 854 855 290 17 437 
357 854 855 290 17 437 
357 854 855 290 17 437 
357 854 855 290 17 437 
856 857 858 424 144 437 637 
856 857 858 424 144 437 637 
856 857 858 424 144 437 
856 857 858 424 144 437 
627 323 144 433 437 637 
323 144 807 604 100 437 
627 323 144 433 437 637 
144 859 860 437 
144 859 860 437 
433 471 560 861 862 323 637 863 437 
844 437 864 579 
844 437 864 
844 437 864 
445 433 202 865 437 
445 433 202 865 437 
866 71 144 867 868 869 437 24 608 
870 871 872 86 260 873 437 637 
870 871 872 86 260 873 437 637 
870 871 872 86 260 873 437 637 
874 875 876 437 637 
874 875 876 437 637 
437 874 877 878 876 301 620 542 
879 154 880 588 736 771 144 71 881 882 437 
879 154 880 588 736 771 144 71 881 882 437 
883 433 445 437 884 765 154 885 886 
879 154 880 588 736 771 144 71 881 882 437 
165 288 887 346 437 617 46 
165 288 887 346 437 617 46 
165 288 887 346 437 617 46 
437 888 889 
437 888 889 
866 71 144 867 868 869 437 24 608 
198 890 90 437 
198 890 90 437 
142 143 891 36 750 437 
142 143 891 36 750 437 
142 143 891 36 750 437 
437 439 442 445 807 604 100 588 
647 892 445 893 894 63 154 304 437 
895 75 896 897 898 144 437 633 
895 75 896 897 898 144 437 633 
28 899 900 900 430 898 445 901 437 
28 899 900 900 430 898 445 901 437 
28 899 900 900 430 898 445 901 437 
902 472 903 904 625 437 637 
902 472 475 905 637 437 625 
902 472 475 905 637 437 625 
902 472 475 905 637 437 625 
902 472 903 904 625 437 637 
902 472 903 904 625 437 637 
902 472 475 905 637 437 625 
902 472 475 71 905 437 637 
906 907 898 908 909 445 437 
910 911 912 437 7 913 618 542 637 
910 911 912 437 7 913 618 542 914 
915 289 437 916 144 462 
915 289 437 916 144 462 
466 289 437 583 445 551 
202 647 493 469 917 497 437 637 
202 647 493 469 917 497 437 637 
202 647 493 469 917 497 437 637 
28 790 725 437 
625 918 919 437 637 
625 918 919 437 637 
920 437 637 
921 715 89 437 637 
646 116 647 437 648 633 608 
437 23 922 923 624 428 184 202 924 
588 437 439 647 892 144 433 925 
588 437 439 647 892 144 433 925 
926 771 927 437 438 439 88 488 323 928 
926 771 927 437 438 439 88 488 323 608 
433 929 930 437 618 931 583 932 241 
433 929 930 437 618 931 583 932 241 
211 144 933 934 608 437 
211 144 933 934 608 437 
715 581 701 702 144 935 437 
715 581 701 702 144 935 437 
211 144 933 934 608 437 
36 936 566 437 937 938 939 940 
36 936 566 437 937 938 939 940 
941 427 437 942 
433 929 930 437 943 944 938 
433 929 930 437 943 944 938 
433 945 766 946 640 631 947 437 
433 945 766 946 640 631 947 437 
210 66 600 433 767 323 791 190 136 144 61 24 437 
437 948 949 121 793 38 950 951 
437 948 949 121 793 38 950 951 
433 929 930 437 618 952 579 929 
433 929 930 437 618 952 579 929 
819 7 734 542 437 637 
819 7 734 542 437 637 
953 144 954 532 955 66 580 437 
953 144 954 532 955 66 580 437 
237 815 816 91 79 437 
237 815 816 91 79 437 
953 144 954 532 955 66 580 437 
953 144 954 532 955 66 580 437 
27 564 712 956 957 958 437 
27 564 712 956 957 958 437 
27 564 712 956 957 958 437 
959 515 960 437 36 330 961 962 39 
959 515 960 437 36 330 961 962 39 
111 963 951 964 433 144 437 
433 929 930 965 683 478 479 480 437 
433 929 930 965 683 478 479 480 437 
372 542 625 522 566 328 966 437 967 233 
323 144 807 604 100 437 
817 818 564 522 346 437 71 433 
968 301 777 437 627 542 442 144 807 
968 301 777 437 627 542 442 144 807 
968 301 777 437 627 542 442 144 807 
372 542 625 522 566 328 966 437 967 233 
437 969 202 419 448 17 
437 969 202 419 448 17 
437 969 202 419 448 17 
437 969 202 419 448 17 
437 969 202 419 448 17 
437 969 202 419 448 17 
437 969 202 419 448 17 
437 969 202 419 448 17 
460 425 426 144 437 433 
460 425 426 144 437 433 
460 425 426 144 437 433 
460 425 426 144 437 433 
460 425 426 144 437 433 
460 425 426 144 437 433 
437 969 202 419 448 17 
970 971 972 448 437 637 
460 425 426 144 437 433 
437 969 202 419 448 17 
460 425 426 144 437 433 
460 425 426 144 437 433 
961 493 469 973 974 975 933 976 437 
961 493 469 973 974 975 933 976 437 
977 850 978 144 202 979 980 437 
981 982 536 433 437 929 930 
981 982 536 433 437 929 930 
981 982 536 433 437 929 930 
487 896 638 503 983 144 850 637 437 
984 985 986 987 647 323 134 988 645 323 437 
487 896 638 503 983 144 850 637 437 
977 850 978 144 202 979 980 437 
438 439 442 144 433 437 
438 439 442 144 433 437 
989 647 892 144 433 437 
989 647 892 144 433 437 
989 647 892 144 433 437 
906 907 990 991 908 909 445 433 992 437 
993 361 437 
993 361 437 
625 872 372 542 437 625 918 919 994 258 625 
519 13 437 995 121 996 997 998 756 518 655 
519 13 437 995 121 996 997 998 756 518 655 
455 490 999 969 735 639 1000 625 437 
455 490 999 969 735 639 1000 625 437 
872 488 437 455 144 17 1001 493 
872 488 437 455 144 17 1001 493 
915 872 437 1002 771 1003 104 445 
1004 872 437 551 144 1005 553 494 
1006 144 437 637 463 433 
1006 144 437 637 463 433 
1006 144 437 637 463 433 
1006 144 437 637 463 433 
1007 433 144 437 327 
1007 433 144 437 327 
1007 433 144 437 327 
1008 506 1009 437 637 
1008 506 1009 437 637 
1008 506 1009 437 637 
369 1010 1011 645 645 1012 1013 437 425 
646 116 647 437 648 633 608 
1014 1015 66 1016 476 357 437 
1014 1015 66 1016 476 357 437 
625 918 919 437 637 604 
982 1017 437 
982 1017 437 
982 1017 437 
1018 39 270 437 
1018 39 270 437 
836 1019 1020 817 185 144 1021 437 
836 1019 1020 817 185 144 1021 437 
1022 771 442 144 437 637 
425 1023 437 
111 638 759 425 1023 445 437 679 1024 
111 638 759 425 1023 445 437 679 1024 
522 887 637 437 
522 887 637 437 
522 887 637 437 
522 887 637 437 
1025 759 766 75 1026 437 
1025 759 766 75 1026 437 
1025 759 766 75 1026 437 
1025 759 766 75 1026 437 
437 669 1027 905 637 
771 774 1028 437 637 633 
771 774 1028 437 637 633 
406 1029 1030 516 437 637 
406 1029 1030 516 437 637 
123 144 433 437 583 1004 1031 1032 
437 123 144 583 1004 647 433 771 
1033 1034 1035 437 637 
1033 1034 1035 437 637 
1036 466 615 437 
1037 1038 1039 1040 433 1041 125 1042 437 637 
1037 1038 1039 1040 433 1041 125 1042 437 637 
1037 1038 1039 1040 433 1041 125 1042 437 637 
1037 1038 1039 1040 433 1041 125 1042 437 637 
1037 1038 1039 1040 433 1041 125 1042 437 637 
437 1043 723 1044 1045 872 1046 128 1047 1048 
437 1043 723 1044 1045 872 1046 128 1047 1048 
1049 1050 144 1051 202 419 1052 437 
1049 1050 144 1051 202 419 1052 437 
1049 1050 144 1051 202 419 1052 437 
1049 1050 144 1051 202 419 1052 437 
1049 1050 144 1051 202 419 1052 437 
1049 1050 144 1051 202 419 1052 437 
1049 1050 144 1051 202 419 1052 437 
1053 1054 1055 1056 433 144 437 
1049 1050 144 1051 202 419 1052 437 
1049 1050 144 1051 202 419 1052 437 
542 1057 1058 506 507 1059 1060 437 
1061 512 1062 187 406 750 637 437 
761 637 437 478 479 1063 
761 637 437 478 479 1063 
437 433 144 147 1064 1065 1066 1067 433 
154 734 941 427 437 633 
437 579 522 1068 121 817 1069 
578 144 586 425 426 437 61 556 
1070 13 434 796 437 
1059 1071 1072 941 427 633 
1059 1071 1072 941 427 633 
154 734 941 427 437 633 
692 693 625 694 695 695 437 
710 941 437 633 
625 181 428 1073 437 637 154 1074 
334 572 919 1075 36 637 437 
631 1076 1077 1015 1078 941 437 1079 
1080 437 
1080 437 
617 583 999 1081 711 627 442 144 433 437 
1082 1083 1084 1085 754 437 637 
1082 1083 1084 1085 754 437 637 
369 733 734 442 144 425 426 437 122 
617 437 
588 439 442 144 433 437 
588 439 442 144 433 437 
369 733 734 442 445 633 437 122 
1086 1087 715 1088 1089 233 1090 437 
1091 26 154 437 
1092 64 144 1093 1094 114 1095 144 447 147 437 
652 1096 493 655 1097 437 
652 1096 493 655 1097 437 
769 770 445 437 
91 79 80 437 1098 1099 
769 770 445 437 
769 770 445 437 
433 929 930 437 491 64 1100 1004 109 
433 929 930 437 491 64 1100 1004 109 
771 442 144 775 437 558 559 
1101 958 958 1102 437 701 1103 1104 442 
276 47 48 136 804 950 941 427 425 
210 66 600 433 767 323 791 190 136 144 61 24 437 
