1105 1106 1107 21 1108 1106 1109 
21 1108 1106 1110 1105 
21 1108 1106 1111 1105 
21 1108 1106 1111 1105 
21 1108 1112 1113 1114 1115 1105 6 
21 1108 1112 1113 1114 1115 1105 6 
21 1108 1112 1113 1114 1115 1105 6 
1105 1106 1111 6 1116 
1105 1106 1111 6 1116 
1105 1106 1111 6 1116 
1105 1106 1113 6 
1105 1106 1113 6 
21 1108 1106 1117 1110 287 1105 
1105 1106 1113 6 
1105 1106 1111 
1105 249 1118 1114 1119 
1120 31 1105 6 1107 438 1121 
12 13 1105 6 66 
12 13 1105 6 66 
1122 1123 1124 1125 1105 1126 1117 1107 
1125 1105 1113 1114 1115 
1127 1105 1128 301 715 1129 6 
12 13 1105 6 66 
1105 1106 1107 6 
564 1130 1131 1132 1105 198 1105 
1133 752 1134 872 21 1108 404 1105 
1135 1136 1137 1138 21 1108 1139 564 1140 793 1105 
1141 1133 752 1134 872 21 1108 404 1105 
685 1142 1140 404 21 1108 804 1105 1105 
361 1143 21 1144 771 1145 1146 1105 1105 
699 1105 27 1147 1148 1105 
1149 1105 198 1150 1151 1152 1153 135 1105 
1141 1154 1155 21 1108 1156 197 804 1139 564 1105 
1157 21 1108 1158 1159 1160 197 1105 1105 
1161 21 1108 404 1162 1163 1139 564 1164 1105 1105 
21 1108 1165 1156 197 1140 198 1139 564 1166 1105 1105 
21 1108 645 1156 197 1139 564 1105 
1167 1105 1138 1147 1105 
21 1108 1138 1168 1139 564 1169 1105 
1170 21 1108 615 1105 1105 
1171 1157 1105 1172 1151 1152 1139 564 1173 1105 
21 1108 1140 804 1174 1175 1147 1176 1139 1166 1105 
1141 27 685 21 1108 1177 1151 1152 404 1105 
1154 1155 1105 1178 1151 1152 198 1105 
1179 112 1180 1181 21 1108 1138 879 583 1105 1105 
1171 1157 21 1108 1172 1151 1152 1139 564 1173 1105 1105 
1149 21 1108 198 1150 1151 1152 1153 135 1105 1105 
1147 1182 1183 21 1108 1184 122 168 1159 1105 1105 
92 1185 545 1186 1187 564 21 1108 1105 1105 
21 1108 1138 1168 1139 564 1169 1105 1105 
1157 21 1108 1158 1159 1160 197 1105 1105 1105 
1179 112 1180 1181 21 1108 1138 879 583 1105 1105 
21 1108 645 1156 197 1139 564 1105 1105 
21 1108 1131 1188 1189 1159 1190 1147 1191 1105 1105 
1105 591 1171 1192 804 1193 1139 564 1184 1147 1105 
1154 1155 21 1108 1156 197 1139 564 1140 793 1105 1105 
21 1108 1156 197 1159 1147 198 1105 
1105 1165 1178 1139 564 919 1159 1194 1195 1196 1105 
21 1108 1165 1156 197 1140 198 1139 564 1166 1105 1105 
21 1108 1165 1156 197 1140 198 1139 564 1105 
21 1108 1197 1192 1172 1166 1105 1105 
1157 1198 1105 1199 1105 
1157 21 1108 1158 1159 1160 197 1105 1105 
1154 1155 21 1108 1178 1151 1152 198 1105 1105 
21 1108 1200 1201 680 290 1105 1105 
1171 1192 1157 21 1108 1105 1105 
21 1108 1202 1203 38 1140 793 1159 1147 1105 1105 
1204 1205 1206 1105 
1207 1208 1209 198 21 1108 198 1210 1211 1105 1105 
1147 1182 1183 21 1108 1184 122 168 1159 1105 1105 
1154 1155 21 1108 1178 1151 1152 198 1105 
21 1108 1200 1201 680 290 1105 
1171 1192 1157 21 1108 1105 
1141 189 1133 1212 1108 1213 1214 1105 1105 
1141 189 1133 1212 1108 1213 1214 1105 1105 
1141 189 1133 1212 1108 1213 1214 1105 1105 
1141 189 1133 1212 1108 1213 1214 1105 1105 
1141 189 1133 1212 1108 1213 1214 1105 1105 
1141 189 1133 1212 1108 1213 1214 1105 1105 
1141 189 1133 1212 1108 1213 1214 1105 1105 
1141 189 1133 1212 1108 1213 1214 1105 1105 
1141 189 1133 1212 1108 1213 1214 1105 1105 
1141 189 1133 1212 1108 1213 1214 1105 1105 
1141 189 1133 1212 1108 1213 1214 1105 1105 
1154 1155 1178 1157 1105 804 1139 564 1105 
21 1108 1215 564 804 1156 197 1214 1157 1105 
21 1108 591 1171 1192 804 1193 1139 564 1184 1147 1105 1105 
1154 1155 21 1108 1178 1151 1152 198 1105 1105 
1170 21 1108 615 1105 1105 1105 
1154 1155 21 1108 1156 197 1139 564 1140 793 1105 1105 1105 
92 21 1108 134 123 1216 1156 197 1217 1105 1105 
1141 1122 1218 1219 1220 1221 1222 1223 1105 
1141 189 1133 1212 1108 1213 1214 1105 1105 
1224 1105 1225 1226 1227 1228 1105 1105 
21 1108 198 1229 1147 1230 1231 1232 1105 1105 
21 1108 1233 1180 1234 363 1235 1106 1236 1237 1105 1105 
1157 21 1108 1158 1159 1160 197 1105 1105 1105 
21 1108 1200 1201 680 290 1105 1105 
1154 1155 21 1108 1178 1151 1152 198 1105 1105 
1161 21 1108 404 1162 1163 1139 564 1166 1105 1105 
1141 1154 1155 21 1108 1156 197 804 1139 564 1105 1105 
564 1130 1131 1132 21 1108 198 1105 1105 1105 
1147 1139 564 21 1108 458 1238 1164 1105 
196 222 21 1108 1239 1139 564 839 102 1240 1105 1105 
1157 1198 21 1108 1199 1105 1105 
404 1193 21 1108 1241 331 1130 1105 1105 1105 
21 1108 1202 1203 38 1140 793 1159 1147 1105 1105 1105 
21 1108 31 1242 135 639 615 1105 1105 
1105 645 1156 197 1243 564 804 1105 
1161 21 1108 404 1162 1163 1139 564 1166 1105 1105 
21 1108 1139 1215 564 1169 1105 
196 222 21 1108 1239 1139 564 839 102 1240 1105 
404 1193 21 1108 1241 331 1130 1105 1105 
1157 1198 21 1108 1199 1105 
21 1108 1165 1156 197 1244 1184 1139 564 1105 
1147 1139 564 21 1108 458 1238 1164 1105 
104 1245 1246 21 1108 1247 1105 1105 
1105 1165 1156 197 1147 564 804 1105 
21 1108 198 1229 1147 1230 1231 1232 1105 1105 1105 
21 1108 645 1156 197 1243 564 804 1105 1105 
21 1108 1204 1154 1173 564 1105 
189 1133 1212 1108 1213 1214 1105 
1154 1155 1178 21 1108 804 1139 564 1105 1105 
21 1108 31 1242 135 639 615 1105 1105 1105 
1224 21 1108 1225 1226 1227 1228 1105 1105 1105 
1154 1155 1178 1157 21 1108 804 1139 564 1105 1105 
1154 1155 1178 1105 804 1139 564 1105 
21 1108 1248 1139 564 1147 1249 1166 1105 
104 21 1108 1159 1250 564 249 1251 1105 
21 1108 1200 1201 680 290 1105 1105 
21 1108 1178 1252 1253 38 1139 564 1105 1105 
1105 673 1159 1254 1139 564 1255 1105 
1179 112 1180 1181 21 1108 1138 879 583 1105 
21 1108 1204 1154 1173 564 1105 1105 
21 1108 615 1147 404 1105 1105 1105 
21 1108 31 1242 135 639 615 1105 1105 1105 
1154 1159 1256 1257 1258 21 1108 1147 1105 1105 
1157 1198 21 1108 1199 1105 1105 
21 1108 673 1139 564 1259 1260 1169 1166 1105 
104 21 1108 1159 1250 564 249 1251 1105 1105 
1161 21 1108 404 1162 1163 1139 564 1166 1105 1105 
21 1108 1165 1156 197 1244 1184 1139 564 1105 1105 
21 1108 1233 1180 1234 363 1235 1106 1236 1237 1105 1105 1105 
21 1108 1165 1156 197 1140 198 1139 564 1105 1105 
21 1108 1202 1203 38 1140 793 1159 1147 1105 1105 1105 
1157 1131 1261 191 1139 415 1105 1105 
21 1108 392 1262 1216 1263 1105 1105 
1154 1159 1256 1257 1258 1105 1147 1105 
21 1108 1165 1156 197 1244 1184 1139 564 1105 1105 
21 1108 1233 1180 1234 363 1235 1106 1236 1237 1105 1105 
1161 21 1108 404 1162 1163 1139 564 1166 1105 1105 
1154 1264 1241 21 1108 1139 564 804 1166 1105 1105 
1161 21 1108 404 1162 1163 1139 564 1166 1105 1105 
21 1108 1215 564 1265 1070 1105 1105 
21 1108 1214 1156 197 1215 804 1105 1105 
1141 21 1108 1266 1135 1267 564 1266 1260 1105 1268 
1154 1155 1178 21 1108 1139 564 804 1105 
1154 1155 1178 21 1108 1139 564 804 1105 
21 1108 1215 564 1265 1070 1105 
1161 21 1108 404 1162 1163 1139 564 1166 1105 
21 1108 1214 1156 197 1215 804 1105 
1105 673 1159 1254 1139 564 1255 1105 
21 1108 673 1159 1254 1139 564 1255 1105 1105 
21 1108 392 1262 1216 1263 1105 1105 1105 
21 1108 673 1159 1254 1139 564 1255 1105 1105 
189 1133 1212 1108 1213 1214 1105 1105 
104 1245 1246 21 1108 1247 1105 1105 1105 
21 1108 1202 1203 38 1140 793 1159 1147 1105 1105 
1180 1234 363 1269 1270 21 1271 1272 745 1105 1105 
1207 1208 1209 198 21 1108 198 1210 1211 1105 1105 1105 
1180 1234 363 1269 1270 21 1271 1272 745 1105 1105 
1198 21 1108 105 1105 1105 1105 
21 1108 1165 1156 197 1215 564 804 1105 
21 1108 1113 890 1228 1105 1273 1274 1275 
189 458 1276 21 1108 1139 564 1105 
189 458 1276 21 1108 1139 564 1105 
189 458 1276 21 1108 1139 564 1105 
21 1108 1140 404 1106 1277 741 1278 60 1105 1105 
189 458 1276 21 1108 1139 564 1105 
189 458 1276 21 1108 1139 564 1105 
189 458 1276 21 1108 1139 564 1105 
189 458 1276 21 1108 1139 564 1105 
189 458 1276 21 1108 1139 564 1105 
189 458 1276 21 1108 1139 564 1105 
189 458 1276 21 1108 1139 564 1105 
189 458 1276 21 1108 1139 564 1105 
189 458 1276 21 1108 1139 564 1105 
1154 1264 1241 21 1108 1151 1152 198 1105 
1198 21 1108 1154 1279 545 1151 1152 1061 1105 
21 1108 1280 804 1172 1158 1160 197 1105 1105 
189 458 1276 21 1108 1139 564 1105 1105 
1154 1264 1241 21 1108 1151 1152 198 1105 1105 
21 1108 1139 1215 564 1169 1105 1105 
21 1108 615 1160 197 804 1281 1105 1105 1105 
519 189 21 1108 1130 1174 804 1105 1105 
1154 1282 1214 21 1108 1140 198 1105 1105 1105 
1141 1157 1131 1261 191 1139 415 1105 1105 
21 1108 392 1262 1216 1263 1105 1105 1105 
21 1108 673 1159 1254 1139 564 1255 1105 1105 
21 1108 673 1159 1254 1139 564 1255 1105 1105 
21 1108 1202 1203 38 1140 793 1159 1147 1105 1105 1105 
1154 1159 1256 1257 1258 21 1108 1147 1105 1105 
21 1108 1160 197 1283 1107 1105 1105 1105 
21 1108 1284 491 1147 564 1285 1242 1105 1105 
1154 1155 1178 21 1108 1139 564 804 1105 1105 
685 711 21 1108 404 1105 1105 
1207 1208 1209 198 21 1108 1105 1105 1105 
21 1108 1106 1117 1110 287 1105 
21 1108 591 1171 1192 1147 564 198 1105 1105 
1141 21 1108 1135 391 1286 1105 1105 
21 1108 591 1171 1192 1147 564 198 1105 1105 
21 1108 1165 1156 197 1215 564 804 1105 1105 
21 1108 1131 1261 191 1139 415 1105 1105 
21 1108 1165 1156 197 1244 1184 1139 564 1105 1105 
1161 21 1108 404 1162 1163 1139 564 1166 1105 1105 
21 1108 673 1139 564 1259 1260 1169 1105 1105 
21 1108 1287 639 1197 1192 1140 404 1147 1130 1159 1105 
1154 1155 1178 21 1108 804 1139 564 1105 1105 
21 1108 1165 1156 197 1215 564 804 1105 1105 
1180 1234 363 1269 1270 21 1271 1272 745 1105 1105 
1207 1208 1209 198 21 1108 198 1210 1211 1105 
1207 1208 1209 198 21 1108 198 1210 1211 1105 1105 1105 
21 1108 1288 1172 1198 615 1147 804 392 1105 
21 1108 1165 1156 197 1140 198 1139 564 1166 1105 1105 
21 1108 1215 564 1265 1070 1105 1105 
1105 1289 1156 197 1290 1105 
21 1108 1289 1156 197 1290 1105 1105 
21 1108 1165 1156 197 1140 198 1139 564 1166 1105 1105 
1105 1202 1203 38 1140 793 1159 1147 1105 
21 1108 564 1147 1140 404 1154 1105 1105 
21 1108 1160 197 1283 1107 1105 1105 
21 1108 1160 197 1283 1107 1105 1105 1105 
685 711 21 1108 404 1105 1105 
1133 1155 1157 21 1108 1178 793 1139 564 1105 1105 
21 1108 1165 1156 197 1140 198 1139 564 1166 1105 1105 
21 1108 1289 1156 197 1290 1105 1105 
21 1108 1289 1156 197 1290 1105 
21 1108 564 1147 1140 404 1154 1105 1105 1105 
21 1108 1165 1156 197 1140 198 1139 564 1105 1105 
1154 1155 21 1108 1178 804 1139 564 1166 1105 1105 
21 1108 1147 1291 125 1135 1292 1105 1105 
21 1108 615 1160 197 804 1281 1105 1105 1105 
1105 1178 1290 669 1293 1294 1247 1105 
21 1108 1160 197 1283 1107 1105 1105 1105 
21 1108 1202 1203 38 1140 793 1159 1147 1105 1105 
21 1108 1147 1291 125 1135 1292 1105 
21 1108 615 1160 197 804 1281 1105 
21 1108 615 1160 197 804 1281 1105 1105 21 
21 1108 1147 1291 125 1135 1292 1105 1105 
1105 1165 1156 197 804 1139 564 1105 
21 1108 615 1160 197 804 1281 1105 1105 1105 
21 1108 1147 1291 125 1135 1292 1105 1105 
21 1108 1135 1295 31 1147 1286 1105 1105 
21 1108 1288 1172 1198 615 1147 804 1105 1105 
21 1108 1138 1139 564 198 1105 
21 1108 1135 1295 31 1147 1286 1105 1105 1105 
21 1108 1138 1139 564 198 1105 1105 
21 1108 1202 1203 38 1140 793 1159 1147 1105 1105 
21 1108 1165 1156 197 804 1139 564 1105 1105 
564 1130 1131 1132 21 1108 198 1105 1105 1105 
564 1130 1131 1132 21 1108 198 1105 1105 
21 1108 1178 1290 669 1293 1294 1247 1105 1105 
1154 1155 21 1108 1178 804 1139 564 1166 1105 1105 
1131 1296 1159 1157 21 1108 1139 564 804 1105 1105 
1172 1297 1174 712 21 1108 804 1105 1105 1105 
21 1108 1298 1299 1300 1147 564 1149 673 1153 135 1105 
21 1108 1197 1192 1172 1105 1105 1105 
1172 1297 1174 712 21 1108 804 1105 1105 
21 1108 1280 804 1159 1256 1105 1105 
21 1108 1178 1290 669 1293 1294 1247 1105 1105 
1172 1297 1174 712 21 1108 804 1105 1105 1105 
21 1108 44 1301 1302 1174 1159 1105 1105 1105 
21 1108 1165 1156 197 1154 1147 804 1105 1105 
1154 1155 1178 21 1108 1139 564 1105 1105 1105 
1157 21 1108 191 1139 564 1303 1105 1105 
196 222 1105 1239 1139 564 839 102 1240 1105 
1105 1280 804 1159 1256 1105 
21 1108 1202 1203 38 1140 793 1159 1147 1105 1105 
21 1108 1178 1290 669 1293 1294 1247 1105 
1154 1155 21 1108 1178 804 1139 564 1166 1105 
1154 805 1304 21 1108 564 1147 198 1105 
21 1108 44 1301 1302 1174 1159 1105 1105 1105 
27 685 639 503 1305 1306 21 1108 1160 197 1147 404 1105 1105 
21 1108 1165 1156 197 1154 1147 804 1105 1105 
1154 805 1304 21 1108 564 1147 198 1105 1105 
196 222 21 1108 1239 1139 564 839 102 1240 1105 1105 
564 1130 1131 1132 21 1108 198 1105 1105 1105 
21 1108 1165 1156 197 804 1139 564 1105 1105 
1105 645 1156 197 804 1147 1159 1139 564 1303 1307 1105 
1105 645 1156 197 804 1147 1159 1139 564 1303 1307 1105 
1105 645 1156 197 804 1147 1159 1139 564 1303 1307 1105 
1154 805 1304 21 1108 564 1147 198 1105 1105 
21 1108 1288 1172 1198 615 1147 804 1105 1105 1105 
1154 1264 1241 21 1108 1139 564 804 1166 1105 1105 
21 1108 1202 1203 38 1140 793 1159 1147 1105 1105 1105 
21 1108 1198 1138 1009 1308 1139 415 922 1105 
21 1108 1280 404 1309 1105 1105 
21 1108 564 922 27 639 1172 1105 
1154 1264 1241 21 1108 1139 564 804 1166 1105 1105 
21 1108 1310 639 1105 1105 
1135 1311 21 1108 673 1295 90 1147 1105 1105 
21 1108 1202 1203 38 1140 793 1159 1147 1105 1105 1105 
196 222 21 1108 1239 1139 564 839 102 1240 1105 1105 
21 1108 1280 804 1159 1256 1105 1105 
21 1108 1310 639 1105 1105 1105 
21 1108 645 1156 197 804 1147 1159 1139 564 1303 1307 1105 
1135 1311 1105 673 1295 90 1147 1105 
21 1108 1197 1312 1172 1204 1205 1206 1105 1105 
361 1143 21 1144 771 1145 1146 1105 1105 1105 
21 1108 1160 197 1147 404 1241 1105 1105 1105 
1244 1184 564 1313 21 1108 404 1105 1105 1105 
1131 1314 1157 21 1108 135 1315 1139 564 1255 1105 1105 
1133 1316 317 1159 1317 21 1108 1205 564 1105 1105 
1179 112 1180 1181 21 1108 1138 879 583 1166 1105 
21 1108 1310 639 1105 1105 1105 
21 1108 645 1156 197 804 1147 1159 1139 564 1303 1307 1105 
21 1108 591 1171 1192 1147 404 1105 1105 
1318 1319 1318 66 21 1108 1320 1321 1322 1323 1105 1105 
27 685 639 503 1305 1306 21 1108 1160 197 1147 404 1105 1105 
21 1108 591 1171 1192 1147 404 1105 1105 
1106 1107 1324 1114 1115 1105 
189 458 1276 21 1108 1139 564 1105 1105 
1122 1292 21 1108 645 1178 1205 564 804 1105 1105 
1135 1311 21 1108 673 1295 90 1147 1105 1105 
1122 1292 21 1108 645 1178 1205 564 804 1105 1105 
189 458 1276 21 1108 1139 564 1105 1105 
21 1108 1325 1326 1327 1265 1105 1105 
21 1108 1325 1326 1327 1265 1105 1105 
21 1108 1198 1138 1009 1308 1139 415 922 1105 1105 
21 1108 1325 1326 1327 1265 1105 
1105 1328 419 534 639 21 1108 1329 1124 1330 
1105 1328 419 534 639 21 1108 1329 1124 1330 
1105 1331 1332 
1154 1264 1241 21 1108 1139 564 804 1166 1105 1105 
1157 1105 1112 1109 1333 1328 104 
1334 1105 1335 549 
1105 644 1336 
28 1337 1338 1339 1340 6 1105 66 1341 
21 1108 1342 1105 
1122 1306 1105 1109 104 1000 397 1343 1344 1345 
1346 1125 1105 1106 1107 
269 1 6 1105 
1347 1105 1348 12 46 1107 877 
1105 1349 1350 1107 6 
1105 1349 1350 1107 338 1351 
