1485 919 17 105 47 
1485 919 17 105 47 
249 1534 1535 105 1536 
116 1537 564 276 105 31 153 1 
1539 1540 783 1541 147 
220 1172 805 23 116 
626 1551 1552 188 1553 105 1554 88 1557 
287 1558 1559 1560 456 31 202 
88 1561 109 147 1562 626 631 224 562 563 109 
1567 224 1505 1568 522 75 1569 1570 1380 116 66 
1567 224 1505 1568 522 75 1569 1570 1380 116 66 
1571 269 1572 1569 1573 122 1372 1571 105 47 626 625 553 
102 1580 1168 202 1380 116 336 47 
202 476 553 237 116 1086 
1584 237 96 1585 1586 116 1587 9 484 66 17 
476 1590 237 116 1086 202 1591 
105 168 1357 1588 1585 1586 116 
237 96 1585 1594 116 
620 147 1595 116 1596 66 
620 147 1595 116 1596 66 
147 1595 116 1596 66 
522 624 1606 16 147 1608 116 66 
1614 237 96 1585 1586 116 
202 1615 
202 1615 
202 1615 
202 1615 
43 1616 4 1617 1618 116 
519 13 121 105 47 66 1619 
1620 47 1621 
105 1015 1622 1623 
564 202 1415 1194 9 
564 202 1415 1194 9 
9 781 376 202 
202 1624 1075 116 9 1075 
209 168 967 1 1627 917 66 17 
116 47 9 
116 47 9 
1628 607 588 1629 100 17 
1628 607 588 1629 100 17 
338 168 105 47 
13 1630 251 233 105 1631 
47 1632 1633 28 1634 1635 139 
47 1632 1633 28 1634 1635 139 9 232 
1637 620 1638 625 564 1639 17 
1576 147 202 147 220 
1 1090 685 105 66 
1399 1370 109 202 105 876 6 
1399 1370 109 202 105 876 6 
17 1640 147 
17 1640 147 
1620 47 1621 
1620 47 1621 
287 1558 1559 1560 456 31 202 
553 175 168 1641 1642 1 66 17 
1643 1 1641 1642 36 286 1644 357 36 147 
202 147 214 
202 147 214 
202 147 214 
36 75 47 1648 
625 116 233 676 1649 1650 1591 
625 116 233 676 1649 1650 1651 
1652 1653 202 
1654 1655 1649 66 17 
1655 1649 1570 116 1656 1381 1657 66 6 
202 147 1658 1659 787 1660 1661 
233 116 1662 175 1649 66 17 
824 1663 147 1404 17 
1664 1665 116 683 1666 1667 1608 136 
1664 1665 116 683 1666 1667 1608 136 
1668 406 1669 1086 1670 1625 1671 1672 116 1673 
1378 1385 1386 168 105 271 828 
1378 1385 1386 168 105 271 828 
9 202 
1378 1385 1386 168 105 271 828 
1378 1385 1386 168 105 271 828 
9 202 
1378 1385 1386 168 105 271 828 
1576 147 202 147 220 
1316 1520 1674 105 48 1675 919 66 17 
9 202 
1629 476 1680 202 
202 1681 1615 
202 1681 1615 
1378 1385 1386 168 105 271 828 
202 1681 1615 
202 1681 1615 
202 1367 47 1676 1682 
202 1681 1615 
1378 1385 1386 168 105 271 828 
17 334 71 47 105 163 692 204 
728 116 1685 187 1664 1665 1686 1676 1687 
188 1372 1420 104 202 1689 591 1373 116 
728 116 1685 187 1664 1665 1686 1676 1687 
728 116 1685 187 1664 1665 1686 1676 1687 
334 147 147 66 
1089 202 134 195 
1691 220 1692 147 1693 
1694 105 1695 1696 1697 
1698 105 1536 1699 51 346 1700 1701 1702 
1698 105 1536 1699 51 346 1700 1701 1702 
1559 116 820 1687 999 
202 1349 1194 1086 1415 1194 
202 1349 1194 1086 1415 1194 
202 1349 1194 1086 1415 1194 
202 1349 1194 1086 1415 1194 
202 1349 1194 1086 1415 1194 
202 1349 1194 1086 1415 1194 
202 1349 1194 1086 1415 1194 
202 1349 1194 1086 1415 1194 
17 1640 147 
202 1349 1194 1086 1415 1194 
1706 945 280 275 335 1604 198 1707 1471 1 66 17 
202 1349 1194 1086 1415 1194 
202 1349 1194 1086 1415 1194 
202 1349 1194 1086 1415 1194 
202 1349 1194 1086 1415 1194 
202 1349 1194 1086 1415 1194 
202 1349 1194 1086 1415 1194 
202 1349 1194 1086 1415 1194 
202 1349 1194 1086 1415 1194 
202 1349 1194 1086 1415 1194 
202 1349 1194 1086 1415 1194 
1710 771 1711 1712 1713 404 571 66 418 17 
1714 1715 105 
1714 1715 105 
1720 105 1721 1722 202 
1723 1724 47 84 1570 224 51 563 
1714 1715 105 
233 1725 1726 1727 1 1728 65 66 17 
168 105 908 1385 1729 1386 
168 105 908 1385 1729 1386 
168 105 908 1385 1729 1386 
168 105 908 1385 1729 1386 
168 105 908 1385 1729 1386 
202 1349 1194 1086 1415 1194 
202 1349 1194 1086 1415 1194 
202 1349 1194 1086 1415 1194 
202 1349 1194 1086 1415 1194 
202 1349 1194 1086 1415 1194 
202 1349 1194 1086 1415 1194 
1731 105 1554 
202 1349 1194 1086 1415 1194 
202 1349 1194 1086 1415 1194 
202 1349 1194 1086 1415 1194 
202 1349 1194 1086 1415 1194 
202 1349 1194 1086 1415 1194 
202 1349 1194 1086 1415 1194 
202 1349 1194 1086 1415 1194 
1735 441 105 595 1698 1536 1736 1737 70 
202 1349 1194 1086 1415 1194 
202 1349 1194 1086 1415 1194 
202 1349 1194 1086 1415 1194 
202 1349 1194 1086 1415 1194 
147 1738 
202 1739 147 202 595 876 
202 1739 147 202 595 876 
105 309 1740 338 1741 1742 571 1622 
147 1738 
17 1640 147 
168 105 908 1385 1729 1386 
168 105 908 1385 1729 1386 
168 105 908 1385 1729 1386 
168 105 908 1385 1729 1386 
168 105 908 1385 1729 1386 
202 1349 1194 1086 1415 1194 
168 105 908 1385 1729 1386 
202 1349 1194 1086 1415 1194 
168 105 908 1385 1729 1386 
202 1349 1194 1086 1415 1194 
202 1349 1194 1086 1415 1194 
202 1349 1194 1086 1415 1194 
202 1349 1194 1086 1415 1194 
202 1349 1194 1086 1415 1194 
202 1349 1194 1086 1415 1194 
202 1349 1194 1086 1415 1194 
168 105 908 1385 1729 1386 
202 1349 1194 1086 1415 1194 
168 105 908 1385 1729 1386 
202 1349 1194 1086 1415 1194 
168 105 908 1385 1729 1386 
202 1349 1194 1086 1415 1194 
202 1349 1194 1086 1415 1194 
202 1349 1194 1086 1415 1194 
168 105 908 1385 1729 1386 
202 1349 1194 1086 1415 1194 
202 1349 1194 1086 1415 1194 
168 105 908 1385 1729 1386 
168 105 908 1385 1729 1386 
168 105 908 1385 1729 1386 
202 1349 1194 1086 1415 1194 
168 105 908 1385 1729 1386 
202 1349 1194 1086 1415 1194 
202 1349 1194 1086 1415 1194 
1378 1743 47 105 202 232 
1378 1743 47 105 202 232 
1378 1743 47 105 202 232 
1378 1743 47 105 202 232 
1531 944 1746 116 
17 1640 147 
1378 105 625 1747 47 383 692 204 1748 1749 
1378 105 625 1747 47 383 692 204 1748 1749 
1378 105 625 1747 47 383 692 204 1748 1749 
1378 105 625 1747 47 383 692 204 1748 1749 
1378 105 625 1747 47 383 692 204 1748 1749 
1378 105 625 1747 47 383 692 204 1748 1749 
1378 105 625 1747 47 383 692 204 1748 1749 
202 1349 1194 1086 1415 1194 
202 1349 1194 1086 1415 1194 
202 1349 1194 1086 1415 1194 
1614 202 1349 1194 188 1086 1415 1194 188 
202 1349 1194 1086 1415 1194 
202 1349 1194 1086 1415 1194 
202 1349 1194 1086 1415 1194 
202 1349 1194 1086 1415 1194 
202 1349 1194 1086 1415 1194 
202 1349 1194 1086 1415 1194 
202 1349 1194 1086 1415 1194 
168 105 908 1385 1386 
202 1349 1194 1086 1415 1194 
202 1349 1194 1086 1415 1194 
1460 175 96 1585 244 66 17 
36 1582 1750 175 96 1585 1586 276 105 309 
553 1751 96 1585 1586 116 105 
1731 105 1554 
1731 105 1554 
626 875 634 272 1574 66 17 
16 147 1753 1754 105 47 
16 147 1753 1754 105 47 
16 147 1753 1754 105 47 
16 147 1753 1754 105 47 
1378 105 625 1747 47 383 692 204 1748 1749 
1378 105 625 1747 47 383 692 204 1748 1749 
1378 105 625 1747 47 383 692 204 1748 1749 
1378 105 625 1747 47 383 692 204 1748 1749 
1378 105 625 1747 47 383 692 204 1748 1749 
1378 105 625 1747 47 383 692 204 1748 1749 
202 1349 1194 1086 1415 1194 
1378 105 625 1747 47 383 692 204 1748 1749 
202 1349 1194 1086 1415 1194 
202 1349 1194 1086 1415 1194 
202 1349 1194 1086 1415 1194 
202 1349 1194 1086 1415 1194 
1378 105 625 1747 47 383 692 204 1748 1749 
202 1349 1194 1086 1415 1194 
168 105 908 1385 1386 
17 1640 147 
202 1349 1194 1086 1415 1194 
202 1349 1194 1086 1415 1194 
202 1349 1194 1086 1415 1194 
202 1349 1194 1086 1415 1194 
202 1349 1194 1086 1415 1194 
202 1349 1194 1086 1415 1194 
202 1349 1194 1086 1415 1194 
202 1349 1194 1086 1415 1194 
202 1349 1194 1086 1415 1194 
202 1349 1194 1086 1415 1194 
1755 1 36 66 17 
17 1756 1757 1758 1759 66 147 
202 1681 1615 
202 1681 1615 
202 1681 1615 
202 
1378 105 625 1747 47 383 692 204 1748 1749 
1378 105 625 1747 47 383 692 204 1748 1749 
1487 276 105 473 625 1367 163 377 
1487 276 105 473 625 1367 163 377 
1649 1570 1764 842 1765 1439 506 7 66 17 
105 1688 
1766 1767 66 17 
103 1768 116 47 47 574 232 1769 
103 1768 116 47 47 574 232 1769 
1487 276 105 473 625 1367 163 
202 1349 1194 1086 1415 1194 
202 1349 1194 1086 1415 1194 
202 1349 1194 1086 1415 1194 
1614 202 1349 1194 188 1086 1415 1194 
168 105 908 1385 1386 
168 105 908 1385 1386 
168 105 908 1385 1386 
168 105 908 1385 1386 
1614 202 1349 1194 188 1086 1415 1194 
202 1349 1194 1086 1415 1194 
202 1349 1194 1086 1415 1194 
202 1349 1194 1086 1415 1194 
202 1349 1194 1086 1415 1194 
202 1349 1194 1086 1415 1194 
202 1349 1194 1086 1415 1194 
202 1349 1194 1086 1415 1194 
202 1349 1194 1086 1415 1194 
202 1349 1194 1086 1415 1194 
202 1349 1194 1086 1415 1194 
202 1349 1194 1086 1415 1194 
237 116 105 1776 
1457 96 116 1086 36 6 66 
254 255 256 175 257 36 258 105 
256 175 259 257 36 258 105 
256 175 259 257 36 258 105 
66 1777 477 202 591 17 396 1778 1778 66 17 
36 75 237 96 1585 1586 116 105 
36 75 237 96 1585 1586 116 105 
257 1779 695 175 1780 66 17 
1357 96 116 1585 1586 
1357 96 116 1585 1586 
580 94 147 63 66 
580 94 147 63 66 
202 1781 1782 1783 84 71 669 116 1086 
1230 937 251 232 1784 1785 383 1786 105 116 
18 591 71 17 664 1787 1788 853 1789 750 
1790 1791 591 1792 1793 172 723 506 1794 66 17 
36 75 237 96 1585 1586 116 105 
1357 96 116 1585 1586 
1357 96 116 1585 1586 
1357 96 116 1585 1586 
237 116 1671 1672 1795 
574 105 
1417 36 66 17 
334 701 1457 1799 1800 1649 233 66 17 
1378 105 625 1747 47 383 692 204 1748 1749 
1378 105 625 1747 47 383 692 204 1748 1749 
1378 105 625 1747 47 383 692 204 1748 1749 
17 1640 147 
202 1349 1194 1086 1415 1194 
202 1349 1194 1086 1415 1194 
202 1349 1194 1086 1415 1194 
202 1349 1194 1086 1415 1194 
202 1349 1194 1086 1415 1194 
202 1349 1194 1086 1415 1194 
202 1349 1194 1086 1415 1194 
168 105 908 1385 1386 
202 1349 1194 1086 1415 1194 
202 1349 1194 1086 1415 1194 
532 1803 1804 1805 336 1373 728 47 
334 1806 202 17 66 17 
17 1640 147 
1378 105 625 1747 47 383 692 204 1748 1749 
1614 105 625 1747 47 383 692 204 1748 1749 
1378 105 625 1747 47 383 692 204 1748 1749 
1378 105 625 1747 47 383 692 204 1748 1749 
1378 105 625 1747 47 383 692 204 1748 1749 
1378 105 625 1747 47 383 692 204 1748 1749 
1378 105 625 1747 47 383 692 204 1748 1749 
1378 105 625 1747 47 383 692 204 1748 1749 
1378 105 625 1747 47 383 692 204 1748 1749 
202 1349 1194 1086 1415 1194 
202 1349 1194 1086 1415 1194 
202 1349 1194 1086 1415 1194 
202 1349 1194 1086 1415 1194 
1378 105 625 1747 47 383 692 204 1748 1749 
1807 842 1808 1230 9 66 17 
168 105 908 1385 1386 
377 220 1809 116 
377 220 1809 116 
377 220 1809 116 
377 220 1809 116 
9 147 163 1462 1810 
728 47 1811 1812 1813 36 1814 205 66 17 
728 47 1811 1812 1813 36 66 17 
258 47 1648 1388 1815 
258 47 1648 1388 1815 
1816 1817 1818 1377 1574 398 1460 385 923 220 116 1819 
1625 1430 1820 1821 1822 1823 696 1824 1825 986 994 116 1819 
1559 1826 202 938 1827 1819 
1829 782 534 175 116 233 1830 1819 
1817 1287 1831 406 116 301 625 902 68 1832 1827 1819 
17 1640 147 
1833 202 1834 63 1173 1835 
17 1640 147 
264 265 241 116 105 36 116 6 9 
1614 66 241 75 1839 105 1287 243 493 
265 1840 177 1841 1842 116 1605 66 
202 1349 1194 1086 1415 1194 
202 1349 1194 1086 1415 1194 
202 1349 1194 1086 1415 1194 
202 1349 1194 1086 1415 1194 
202 1349 1194 1086 1415 1194 
264 265 241 116 105 36 116 1846 
202 1349 1194 1086 1415 1194 
168 105 908 1385 1386 
168 105 908 1385 1386 
202 1349 1194 1086 1415 1194 
202 1349 1194 1086 1415 1194 
202 1349 1194 1086 1415 1194 
202 1349 1194 1086 1415 1194 
202 1349 1194 1086 1415 1194 
202 1349 1194 1086 1415 1194 
202 1349 1194 1086 1415 1194 
202 1349 1194 1086 1415 1194 
202 1349 1194 1086 1415 1194 
168 105 908 1385 1386 
202 1349 1194 1086 1415 1194 
202 1349 1194 1086 1415 1194 
1847 1848 1230 1430 202 1849 65 66 17 
168 105 908 1385 1386 
1851 1852 377 722 624 66 17 
202 314 206 1853 66 
265 206 275 1 1842 202 
783 918 258 680 209 105 
334 1854 1563 17 136 1779 1855 1543 
202 1349 1194 1086 1415 1194 
202 1349 1194 1086 1415 1194 
202 1349 1194 1086 1415 1194 
202 1349 1194 1086 1415 1194 
168 105 908 1385 1386 
168 105 908 1385 1386 
168 105 908 1385 1386 
168 105 908 1385 1386 
168 105 908 1385 1386 
168 105 908 1385 1386 
202 1349 1194 1086 1415 1194 
202 1349 1194 1086 1415 1194 
202 1349 1194 1086 1415 1194 
202 1349 1194 1086 1415 1194 
202 692 104 47 1858 1629 1767 
202 1349 1194 1086 1415 1194 
202 1349 1194 1086 1415 1194 
202 1349 1194 1086 1415 1194 
17 1640 147 
202 1349 1194 1086 1415 1194 
202 1349 1194 1086 1415 1194 
202 1349 1194 1086 1415 1194 
202 1349 1194 1086 1415 1194 
202 1349 1194 1086 1415 1194 
202 1349 1194 1086 1415 1194 
334 1854 1563 17 136 1779 1855 1543 
51 346 269 1859 105 1860 1861 1862 202 
51 346 269 1859 105 1860 1861 1862 202 
51 346 269 1859 105 1860 1861 1862 202 
202 1349 1194 1086 1415 1194 
202 1349 1194 1086 1415 1194 
202 1349 1194 1086 1415 1194 
202 1349 1194 1086 1415 1194 
202 1349 1194 1086 1415 1194 
202 1349 1194 1086 1415 1194 
202 1349 1194 1086 1415 1194 
202 1349 1194 1086 1415 1194 
202 1349 1194 1086 1415 1194 
168 105 908 1385 1386 
202 1349 1194 1086 1415 1194 
202 1349 1194 1086 1415 1194 
202 1349 1194 1086 1415 1194 
17 1640 147 
1864 607 1865 1866 484 188 631 1773 116 66 17 
624 631 144 1367 66 17 
1867 1813 147 163 1425 994 945 1868 1521 905 1869 
1075 116 1870 1871 1872 1873 1870 1871 66 17 
17 1640 147 
202 47 105 796 1405 692 204 104 1874 
116 66 195 
202 16 1418 147 383 542 1875 
116 1381 1657 66 
66 168 105 1389 1688 116 
116 1879 
202 1349 1194 1086 1415 1194 
202 1349 1194 1086 1415 1194 
202 1349 1194 1086 1415 1194 
168 105 908 1385 1386 
168 105 908 1385 1386 
168 105 908 1385 1386 
168 105 908 1385 1386 
202 1349 1194 1086 1415 1194 
241 243 493 105 36 1880 
202 1349 1194 1086 1415 1194 
168 105 908 1385 1386 
1881 233 116 1882 
168 105 908 1385 1386 
334 1854 1563 17 136 1779 1855 1543 
206 1883 1884 276 105 
633 144 435 436 47 105 
17 1640 147 
1885 1886 57 1887 1888 1889 202 
625 116 1890 147 
1891 591 188 50 116 1892 1380 1893 66 1204 
202 66 1521 1559 271 17 
202 629 1895 55 633 1896 
202 629 1895 55 633 1896 
202 1349 1194 1086 1415 1194 
202 1349 1194 1086 1415 1194 
202 1349 1194 1086 1415 1194 
202 1349 1194 1086 1415 1194 
202 1349 1194 1086 1415 1194 
202 1349 1194 1086 1415 1194 
202 1349 1194 1086 1415 1194 
202 1349 1194 1086 1415 1194 
1897 202 1898 1899 65 1696 
334 1854 1563 17 136 1779 1855 1543 
202 147 220 1417 1900 
269 970 202 16 116 
945 1901 31 202 269 361 542 
945 1901 31 202 269 361 542 
17 1640 147 
633 202 165 1902 1903 904 222 1904 634 1904 1905 243 
202 1349 1194 1086 1415 1194 
202 1349 1194 1086 1415 1194 
168 105 908 1385 1386 
624 1906 17 1076 1907 116 608 
168 105 908 1385 1386 
168 105 908 1385 1386 
624 1906 17 1076 1907 116 608 
202 1349 1194 1086 1415 1194 1908 
1817 1612 66 202 1909 
168 105 908 1385 1386 
17 1640 147 
168 105 908 1385 1386 
917 265 163 634 163 1462 1367 202 1900 491 17 43 
334 1854 1563 17 136 1779 1855 1543 
1910 357 168 105 66 556 55 
334 1911 1912 477 66 17 
202 1349 1194 1086 1415 1194 
168 105 908 1385 1386 
1804 17 1915 338 84 
17 1640 147 
47 377 262 1916 1917 
202 1349 1194 1086 1415 1194 
202 1349 1194 1086 1415 1194 
1918 1344 1919 1920 1797 202 629 1921 71 1302 
1922 202 211 1923 1797 66 1924 1076 
1612 202 397 1925 1926 
116 1928 1927 406 919 
739 1929 202 1930 670 71 1931 1932 224 
17 1640 147 
202 1415 1194 1349 1194 1086 
202 1415 1194 1349 1194 1086 
202 1415 1194 1349 1194 1086 
168 105 908 1385 1386 
168 105 908 1385 1386 
168 105 908 1385 1386 
168 105 908 1385 1386 
258 202 491 
258 202 491 
168 105 908 1385 1386 
17 1640 147 
202 1415 1194 1349 1194 1086 
1933 1934 1768 147 
1933 1934 1768 147 
202 1349 1194 1086 1415 1194 
202 1349 1194 1086 1415 1194 
202 1349 1194 1086 1415 1194 
202 1349 1194 1086 1415 1194 
202 1349 1194 1086 1415 1194 
202 1349 1194 1086 1415 1194 
202 1349 1194 1086 1415 1194 
202 1349 1194 1086 1415 1194 
202 1349 1194 1086 1415 1194 
1937 696 136 1938 1939 202 1501 
43 696 145 1943 66 17 
1839 116 1086 534 1644 1944 
168 105 908 1385 1386 
17 1640 147 
202 1349 1194 1086 1415 1194 
1946 625 1947 202 66 
1948 1949 1950 1951 1952 105 1953 1954 852 1955 3 
1558 202 28 1956 1957 
1558 202 28 1956 1957 
723 202 1958 1371 1681 
202 1415 1194 1349 1194 1086 
202 1415 1194 1349 1194 1086 
618 202 105 1015 579 580 94 
202 1415 1194 1349 1194 1086 
233 967 1945 105 1959 1960 1961 1960 168 
202 1965 1047 1966 1967 357 781 
217 1968 46 103 104 47 48 136 202 116 
625 1972 68 1853 147 334 202 
1973 1974 1558 1975 17 116 
165 498 1099 970 1389 71 202 
202 1415 1194 1349 1194 1086 
202 1415 1194 1349 1194 1086 
202 1415 1194 1349 1194 1086 
17 1640 147 
274 275 276 105 36 
76 71 701 251 233 116 105 1977 1978 
722 545 664 147 377 1615 
722 545 664 147 377 1979 
722 545 664 147 377 1979 
217 375 1981 84 1582 817 1982 116 1907 
274 275 276 105 202 476 1983 1984 1985 
274 275 276 105 71 36 
209 105 1989 309 493 1990 1839 1991 
1367 1421 233 1977 168 105 
1994 737 1995 50 4 147 1996 
2000 16 174 936 168 105 47 2001 1853 116 147 2002 
2003 47 2004 105 2005 
2003 47 2004 105 2005 
2003 47 2004 105 2005 
2003 47 2004 105 2005 
2003 47 2004 105 2005 
202 1415 1194 1349 1194 1086 
202 1415 1194 1349 1194 1086 
202 1415 1194 1349 1194 1086 
202 1415 1194 1349 1194 1086 
202 1415 1194 1349 1194 1086 
17 1640 147 
17 1640 147 
36 75 1811 251 1978 116 105 116 
17 2006 165 28 91 2007 
42 43 1913 2009 2010 105 2001 
2011 116 1853 105 47 
2011 116 
17 1640 147 
202 1415 1194 1349 1194 1086 
202 1415 1194 1349 1194 1086 
2014 2015 280 2016 47 2017 47 66 
2011 105 
163 2018 2019 105 6 1591 
2011 2020 1318 105 47 
2021 175 116 2022 1586 
17 24 116 105 50 924 
202 377 2023 970 31 147 1378 
17 24 116 105 50 924 
17 24 116 105 50 924 
17 24 116 105 50 924 
17 24 116 105 50 924 
17 24 116 105 50 924 
1891 147 2024 50 
17 1640 147 
202 1415 1194 1349 1194 1086 
202 1415 1194 1349 1194 1086 
202 1415 1194 1349 1194 1086 
109 2025 202 165 
17 24 116 105 50 924 
723 116 691 2026 
723 116 691 2026 
116 1596 955 165 1 85 86 87 88 89 
2031 2032 2033 2034 17 2035 
2031 2032 2033 2034 17 2035 50 
116 1596 955 165 1 85 86 87 88 89 
116 1596 955 165 1 85 86 87 88 89 
85 86 87 88 89 1380 116 105 2036 
17 1640 147 
202 377 2023 970 31 147 1378 
202 1841 2037 47 796 1405 669 2038 1882 
202 1841 2037 47 796 1405 669 2038 1882 
202 1841 2037 47 796 1405 669 2038 1882 
202 1841 2037 47 796 1405 669 2038 1882 
202 47 105 796 1405 163 692 204 
202 47 105 796 1405 163 692 204 
202 47 105 796 1405 163 692 204 
202 47 105 796 1405 163 692 204 
202 47 105 796 1405 163 692 204 
202 47 105 796 1405 163 692 204 
202 47 105 796 1405 163 692 204 
202 47 105 796 1405 163 692 204 
202 47 105 796 1405 163 692 204 
202 47 105 796 1405 163 692 204 
202 47 105 796 1405 163 692 204 
202 47 105 796 1405 163 692 204 
202 47 105 796 1405 163 692 204 
202 47 105 796 1405 163 692 204 
202 47 105 796 1405 163 692 204 
202 47 105 796 1405 163 692 204 
202 47 105 796 1405 163 692 204 
202 47 105 796 1405 163 692 204 
202 47 105 796 1405 163 692 204 
2049 493 116 2050 334 2051 61 52 
202 377 2023 970 31 147 1378 
18 2052 327 1726 105 924 
18 2052 327 1726 105 924 
17 841 842 843 144 526 559 
202 134 591 116 2055 2056 1086 17 
54 55 56 57 58 59 438 202 
202 1415 1194 1349 1194 1086 
36 1031 2057 288 568 2058 2059 71 202 
41 69 1885 625 209 47 66 17 
63 64 65 66 67 116 991 
1172 1155 38 37 23 202 
46 47 48 49 116 1687 43 2063 
16 2038 1705 2064 1916 43 2065 147 
46 47 48 49 2066 24 202 116 2067 
202 1415 1194 1349 1194 1086 
202 497 498 36 286 412 413 13 2074 
217 1968 46 103 104 47 48 136 24 202 
2075 908 276 105 756 
1854 116 2076 66 147 
1688 202 1563 147 1605 202 
116 47 233 2079 363 307 625 2080 2081 236 
16 17 105 116 218 
2082 1688 202 1563 147 
202 2083 84 2084 2085 579 2086 107 1307 637 
17 1640 147 
2087 202 1683 0 1839 
2090 1121 972 775 66 13 17 
273 2091 2092 2093 1142 116 
2094 2095 2096 2097 9 1476 116 
17 334 285 2098 580 66 17 
17 1640 147 
280 175 233 2099 290 116 2100 680 
1179 2101 109 775 66 116 17 558 1966 
1179 2101 109 775 66 116 17 
1179 2101 109 775 66 116 17 
202 1415 1194 1349 1194 1086 
622 734 2102 1703 2103 105 
202 1415 1194 1349 1194 1086 
272 711 17 796 919 2106 220 139 2107 66 17 
2108 202 462 188 71 147 2109 188 919 2110 2110 2110 2110 
28 2114 625 711 2115 202 116 2116 
28 2114 625 711 2115 202 
625 209 545 2119 768 1405 116 232 
47 377 262 1916 1917 
2120 2121 2122 233 116 
1414 209 116 2117 383 2118 824 711 71 
202 377 2023 970 31 147 1378 
1414 209 116 2117 383 2118 824 711 71 
625 918 1405 1075 147 66 
17 103 411 1405 
116 84 2125 2126 24 52 1376 202 2127 
1179 2101 109 775 66 116 17 
116 84 2125 2126 24 52 1376 202 2127 
202 47 105 188 1405 163 692 204 
202 47 105 188 1405 163 692 204 
168 105 377 970 383 
202 47 105 188 1405 163 692 204 
168 105 377 970 383 
202 47 105 188 1405 163 692 204 
168 105 377 970 383 
168 105 377 970 383 
202 47 105 188 1405 163 692 204 
202 47 105 188 1405 163 692 204 
202 357 944 2025 9 2128 
202 47 105 188 1405 163 692 204 
202 47 105 188 1405 163 692 204 
202 47 105 188 1405 163 692 204 
202 47 105 188 1405 163 692 204 
202 47 105 188 1405 163 692 204 
202 47 105 188 1405 163 692 204 
202 377 2023 970 31 147 43 
334 31 202 669 
202 377 2023 970 31 147 43 
202 1415 1194 1349 1194 1086 
1376 50 116 334 202 2030 1381 1894 60 52 
2105 775 66 116 147 13 
1179 2101 109 775 116 147 
202 31 2130 1563 2131 664 1 
202 377 2023 970 31 147 1378 
202 579 2140 402 136 147 172 75 2140 402 2141 
377 919 147 2142 2143 
2144 377 919 147 2145 
1625 66 944 232 116 1420 1086 2147 2148 1518 1705 1086 
202 377 2023 970 31 147 1378 
202 377 2023 970 31 147 1378 
2011 116 1853 105 47 
1059 1071 2149 630 139 209 105 
1059 1071 2149 630 139 209 105 
1059 1071 2149 630 139 209 105 
1059 1071 2149 630 139 209 105 
1059 1071 2149 630 139 209 105 
1059 1071 2149 630 139 209 105 
116 2150 42 1611 1610 
116 2150 42 1611 1610 
1625 202 2151 2115 2152 2153 
1625 202 2151 2115 2152 2153 
116 2150 42 1611 1610 
116 2150 42 1611 1610 
122 308 105 309 
116 2150 42 1611 1610 
2023 232 116 624 2154 
116 2150 42 1611 1610 
116 2150 42 1611 1610 
202 195 1559 1230 893 258 2024 
189 41 2156 196 202 
265 2157 206 1755 1 2158 2159 2160 2161 1605 116 
202 47 105 796 1405 163 692 204 
71 1389 2162 2163 147 1810 542 50 
71 1389 2162 2163 147 1810 542 50 
1558 2164 47 1460 1411 116 
85 86 88 89 116 2066 24 61 2165 
2166 172 2167 2168 17 2169 66 71 
2170 202 147 220 
16 17 105 116 218 
1204 147 835 2177 1380 925 2178 136 2179 304 534 220 2180 
116 383 2181 1897 116 188 919 
237 815 1126 239 202 209 105 2182 174 2068 559 558 
2189 116 165 2023 1671 1753 251 
116 2125 2190 202 116 2191 2177 2192 
2193 2105 116 1611 1610 16 116 46 1386 
2090 1121 972 116 66 2050 43 
258 116 1020 1610 1611 1543 
336 168 184 2196 66 17 
206 1883 1884 276 105 
206 1883 1884 276 105 
1075 1451 518 2107 66 17 
2200 647 2201 1451 2202 214 66 147 
105 2204 71 542 893 
24 116 2050 1380 2032 2212 1787 2213 2214 2215 224 
1179 2101 109 24 116 2050 43 844 
1179 2101 109 24 116 2050 43 844 
220 1086 105 1086 
105 2218 2219 1086 
12 965 116 828 781 591 
202 1415 1194 1349 1194 1086 
36 2222 2223 168 2224 17 395 164 178 
116 2225 1548 2226 1247 2227 66 567 
202 47 105 188 1405 163 692 204 
222 112 1109 66 17 
116 1 154 
116 1 154 
1179 2101 109 775 116 147 
2105 775 66 116 147 13 
116 1391 
116 1391 
2090 1121 972 775 66 13 17 
202 377 2023 970 31 147 43 
202 377 2023 970 31 147 43 
1015 276 105 2231 545 105 3 
153 2232 2233 2234 6 2235 1095 2236 17 905 844 
116 662 1451 576 2237 358 2238 2239 50 1397 
711 1028 1121 2240 290 2241 66 17 
202 625 711 1558 
168 105 908 1385 1386 1352 
116 2242 2243 1086 
202 446 105 47 410 139 1391 
202 1415 1194 1349 1194 1086 
202 1415 1194 1349 1194 1086 
1487 336 178 1421 66 17 
105 1086 44 1916 1604 
202 17 
750 75 1353 47 163 1462 50 202 
168 105 377 970 383 
168 105 377 970 383 
168 105 377 970 383 2247 
97 2248 2249 17 100 
462 1841 116 202 1543 
625 515 2250 796 919 188 919 269 2251 1605 116 
102 2252 205 147 2253 2254 2255 2256 
202 31 2130 1563 2257 664 1 
102 2252 205 147 2253 2254 2255 2256 
202 9 47 2258 
2259 2260 2261 2262 567 66 2263 1204 63 202 2264 
202 929 2265 781 88 1555 2266 236 
202 116 2267 31 2130 2268 
90 28 2269 106 567 2263 63 202 1380 
55 876 1210 1762 376 17 1373 404 
55 876 1210 1762 376 17 1373 404 
55 876 1210 1762 376 17 1373 404 
17 1640 147 
17 2270 607 130 
168 105 908 1385 1386 1352 
2136 2271 105 2272 2273 66 
2277 276 105 561 2278 1641 1642 37 38 2279 
2277 276 105 561 2278 1641 1642 37 38 2279 
202 1349 1194 1086 1415 1194 1352 
2277 276 105 561 2278 1641 1642 37 38 2279 
2277 276 105 561 2278 1641 1642 37 38 2279 
2277 276 105 561 2278 1641 1642 37 38 2279 
2280 2277 276 105 561 2278 1641 1642 37 38 2279 
2277 276 105 561 2278 1641 1642 37 38 2279 
2277 276 105 561 2278 1641 1642 37 38 2279 
2277 276 105 561 2278 1641 1642 37 38 2279 
202 1349 1194 1086 1415 1194 1352 
2277 276 105 561 2278 1641 1642 37 38 2279 
2277 276 105 561 2278 1641 1642 37 38 2279 
2277 276 105 561 2278 1641 1642 37 38 2279 
2136 2271 105 2272 2273 66 
17 2119 122 692 1495 553 17 
116 1020 1086 564 1086 
16 65 2281 2282 116 
102 2252 205 147 2253 2254 2255 2256 
377 919 147 2285 
105 1205 2286 2287 1086 
202 269 512 41 1852 1421 251 
105 2225 47 2290 6 
202 17 
2291 734 2292 2293 66 17 
233 147 2299 1591 
17 1099 1768 625 2303 2304 202 2305 
17 1099 1768 625 2303 2304 202 2305 
202 47 105 188 1405 163 692 204 
202 47 105 188 1405 163 692 204 
202 47 105 188 1405 163 692 204 
31 147 1615 
168 105 908 1385 1386 1352 
202 1349 1194 1086 1415 1194 1352 
202 47 105 188 1405 163 692 204 
202 47 105 188 1405 163 692 204 
202 47 105 188 1405 163 692 204 
202 47 105 188 1405 163 692 204 
202 47 105 188 1405 163 692 204 
102 2252 205 147 2253 2254 2255 2256 
31 17 232 1086 377 
202 47 105 188 1405 163 692 204 
1480 2310 1378 1558 1570 1768 202 979 
1480 2310 1378 1558 1570 1768 202 979 
1480 2310 1378 1558 269 1768 202 979 
1480 2310 1378 1558 1570 1768 202 979 
230 275 1 336 1605 116 
1480 2310 1378 1558 1570 1768 202 979 
1480 2310 202 908 16 17 542 
202 2311 2312 477 2038 165 
2313 80 790 2262 202 172 853 
16 147 1179 970 887 71 2314 50 
1480 2310 1378 1558 269 1768 202 979 
16 147 1179 970 887 71 2314 50 
1480 2310 1378 1558 1570 1768 202 979 
202 16 116 2238 1543 165 2315 
2045 209 105 2320 2241 568 66 217 2321 338 
1480 2310 1378 1558 1570 1768 202 979 
71 1625 1411 1667 1688 116 
17 1640 147 
1480 334 2310 1558 269 1768 202 979 
1480 334 2310 1558 269 1768 202 979 
2323 428 184 532 2324 286 47 473 71 95 
428 184 532 2324 286 47 473 71 95 
428 184 532 2324 286 47 473 71 95 
428 184 532 2324 286 47 473 71 95 
428 184 532 2324 286 47 473 71 95 
428 184 532 2324 286 47 473 71 2325 
428 184 532 2324 286 47 473 71 95 
1674 1451 280 711 71 50 116 
428 184 532 2324 286 47 473 71 95 
202 1367 163 1462 1353 
202 1367 163 1462 1353 
202 1367 163 1462 1353 
189 190 191 192 193 194 168 195 196 105 
615 844 2328 2329 202 
100 101 102 103 104 105 66 63 1380 1204 128 2330 
202 9 47 
195 1559 1477 116 1489 2001 
202 116 2267 31 2130 2268 
491 202 71 1489 50 116 
723 276 65 2338 13 66 116 1380 2339 
692 1520 617 945 63 202 
2340 47 105 1504 47 105 9 
1035 202 2343 2344 2345 23 17 2346 620 2347 
1841 1487 624 116 1927 71 
1841 1487 624 116 1927 71 
692 1520 617 945 63 202 
2348 624 1463 2349 251 66 357 116 
2350 499 1248 2038 2351 595 116 
2350 499 1248 2038 2351 595 116 
118 50 71 116 1687 2282 202 
118 50 71 116 1687 2282 202 
118 50 71 116 1687 2282 202 
116 522 1487 383 1460 233 2299 
2353 2354 624 1907 1605 116 2355 
2277 276 105 561 2278 1641 1642 37 38 2279 
2277 276 105 561 2278 1641 1642 37 38 2279 
2277 276 105 561 2278 1641 1642 37 38 2279 
2277 276 105 561 2278 1641 1642 37 38 2279 
2277 276 105 561 2278 1641 1642 37 38 2279 
2277 276 105 561 2278 1641 1642 37 38 2279 
2277 276 105 561 2278 1641 1642 37 38 2279 
2277 276 105 561 2278 1641 1642 37 38 2279 
2277 276 105 561 2278 1641 1642 37 38 2279 
2353 2354 624 1907 66 17 2356 2357 168 2358 66 
116 1554 2359 2225 92 2360 2361 876 66 
116 1554 2359 2225 92 2360 2361 876 66 
116 1554 2359 2225 92 2360 2361 876 66 
493 1381 2365 105 18 2366 2367 2368 2369 
2362 202 2298 3 573 
579 2371 893 105 2372 574 734 2373 2374 
579 2371 893 105 2372 574 734 2373 
579 2371 893 105 2372 574 734 2373 
579 2371 893 105 2372 574 734 2373 
116 48 172 1732 2375 2376 116 1907 
625 147 66 1142 290 258 2377 147 17 
168 105 908 1385 1386 
2378 50 785 2379 2380 2381 370 986 147 2382 
2383 92 1453 258 270 66 17 
109 2384 2023 232 116 624 2385 
202 377 2023 970 
621 1241 2386 206 2387 2388 17 
621 1241 2386 206 2387 2388 17 
621 1241 2386 206 2387 2388 17 
621 1241 2386 206 2387 2388 17 
621 1241 2386 206 2387 2388 17 
621 1241 2386 206 2387 2388 17 
621 1241 2386 206 2387 2388 17 
621 1241 2386 206 2387 2388 17 
202 16 116 2238 1543 165 2315 
202 377 2023 970 31 147 1378 
202 377 2023 970 31 147 1378 
202 16 116 2238 1543 165 2315 
202 377 2023 970 31 147 1378 
202 16 116 2238 1543 165 2265 2315 
202 2389 1095 1428 2390 858 2391 2392 2393 2394 
202 16 116 2238 1543 165 2265 2315 
723 202 1391 1681 
1839 116 1086 534 1644 1944 
202 16 116 2238 1543 165 2265 2315 
202 2389 1095 1428 2390 858 2391 2392 2393 2394 
202 2389 1095 1428 2390 858 2391 2392 2393 2394 
202 31 2130 1563 2131 664 1 
1059 1071 2149 630 139 209 105 
1059 1071 2149 630 139 209 105 
2395 1059 1071 2149 630 139 209 105 
1059 1071 2149 630 139 209 105 
1059 1071 2149 630 139 209 105 
1059 1071 2149 630 139 209 105 
1059 1071 2149 630 139 209 105 
2396 2397 2398 46 734 2396 2397 2399 168 105 
202 16 116 2238 1543 165 2265 2315 
2403 202 334 1381 2404 2405 139 
202 16 116 2238 1543 165 2265 2315 
202 16 116 2238 1543 165 2265 2315 
36 411 209 168 178 412 413 147 414 415 416 
47 1882 188 274 275 276 105 36 1605 
2408 233 116 105 2406 370 2407 116 1907 66 
274 275 276 105 36 
274 275 276 105 36 2409 105 
202 377 2023 970 31 147 1378 
2410 116 1585 244 175 116 853 1789 32 233 2411 
