576 130 132 323 218 
2414 1367 47 105 2150 163 2415 6 9 
2122 233 1668 1822 9 
2122 233 1668 1822 9 
47 209 336 1 214 9 165 
1462 2416 47 1671 1672 9 
1462 2416 47 1671 1672 9 
2417 2417 1235 876 2418 9 
1462 2416 47 1671 1672 9 
153 1 377 377 153 1 2418 876 2419 
233 1505 304 1367 9 781 1449 
66 1521 1559 1230 9 669 287 1558 
66 1521 1559 1230 9 669 287 1558 
130 2420 2421 6 616 631 
9 1230 2422 12 2423 2424 2425 
377 6 214 1411 
2429 2107 925 242 71 1411 
1075 1873 1367 1462 2416 47 105 1668 2430 406 542 1411 
1913 9 2431 1372 214 2432 410 
377 6 214 1411 
377 6 214 1411 
377 6 214 1411 
377 6 214 1411 
377 6 214 1411 
377 6 214 1411 
377 6 214 1411 
377 6 214 1411 
9 1230 9 16 147 542 
116 47 9 
43 1616 4 1617 1618 1411 
43 1616 4 1617 1618 1411 
147 2439 130 132 878 2440 
47 105 163 2446 2447 1411 
47 105 163 2446 2447 1411 
9 286 
9 286 
377 6 214 1411 
66 1521 1559 1230 9 669 287 1558 
66 1521 1559 1230 9 669 287 1558 
66 1521 1559 1230 9 669 287 1558 
47 209 336 1 214 9 165 
47 209 336 1 214 9 165 
2448 898 1653 1411 
545 1688 9 
545 1688 9 
545 1688 9 
545 1688 9 
105 6 625 579 1216 723 9 
1654 2452 1655 1649 6 1411 
111 782 245 999 47 105 2453 377 
553 2206 639 243 1 1579 2454 2455 130 104 
31 1086 1411 
545 383 218 9 
9 1086 6 1411 2447 218 
209 1411 
1411 2456 
682 624 12 944 2457 1632 66 1411 
233 2458 476 506 66 1777 2459 1411 
16 2460 1574 2459 1411 
455 2461 6 1411 2462 
2463 1574 1417 2464 6 9 
265 1377 209 1420 2465 9 2466 
265 1377 209 1420 2465 9 2466 
1230 9 12 965 
2469 2470 2471 2472 9 1618 785 
12 13 631 967 2473 2474 233 12 9 1476 
1649 1654 233 384 631 2447 6 1411 
6 2023 1070 36 286 9 
2475 6 198 1382 8 
2476 2477 2478 233 2459 1411 
2475 6 198 1382 8 
1625 152 6 9 553 597 2193 8 2479 130 2420 
2475 6 198 1382 8 
2475 6 198 1382 8 
2475 6 198 1382 8 
2475 6 198 1382 8 
619 1615 626 875 634 1411 6 
2481 626 1767 9 
626 1343 55 1377 2482 2465 1421 1460 9 
2483 634 930 272 1411 263 102 
626 875 55 2484 2485 634 2486 785 9 
136 878 1278 385 9 195 
136 878 1278 385 9 195 
2485 2487 626 1767 626 9 
1666 9 955 2488 1411 
553 2489 9 
136 878 1278 385 9 195 
626 875 634 16 634 970 2490 9 
626 875 634 16 634 970 12 2490 9 
634 1460 878 2491 13 17 9 236 
1417 1411 
1417 1411 
2493 842 1451 1559 2494 999 1848 1649 1813 1608 9 
1391 165 16 2495 130 132 241 
206 1 36 286 6 9 
9 286 
1411 1086 
1411 1086 
1487 276 105 473 625 1367 163 6 9 
1391 165 16 2495 130 132 241 
2498 284 285 1411 2001 2499 165 
2498 284 285 1411 2001 2499 165 
634 122 2475 2500 1382 8 1368 
634 122 2475 2500 1382 8 1368 
624 105 1688 918 163 692 204 1693 9 
66 1521 1559 1230 9 669 287 1558 
66 1521 1559 1230 9 669 287 1558 
47 209 336 1 214 9 
111 13 9 
2503 2504 858 1176 1487 858 618 9 
2505 116 2038 65 1460 2506 377 658 
36 75 175 116 1086 238 2507 1411 
1272 2508 2509 1858 2510 2511 265 681 2512 2513 
2505 116 2038 65 1460 2506 377 658 
377 6 214 1411 
36 377 1418 970 
377 6 214 1411 
377 6 214 1411 
377 6 214 1411 
377 6 214 1411 
377 6 214 1411 
377 6 214 1411 
377 6 214 1411 
377 6 214 1411 
377 6 214 1411 
202 9 
202 9 
13 2514 385 1729 9 
1382 9 
9 233 5 1961 
9 406 2516 9 
534 545 1460 251 9 66 195 
264 265 241 116 105 36 116 6 9 
2521 13 377 2522 549 41 178 
2523 2406 251 774 9 2499 
1891 17 9 2524 
36 2525 2526 74 9 2499 165 
105 153 563 336 9 2499 
2527 2528 2529 71 263 102 1411 2530 
2527 2528 2529 71 263 102 1411 2530 
74 73 2534 377 2499 
2535 2536 1457 2537 1381 9 
269 919 377 2542 13 6 377 
2547 270 2548 1425 481 9 
1704 2550 176 2551 1980 8 
220 1417 970 1421 9 2552 
2554 105 347 1099 504 1579 1404 1367 2555 406 2556 9 
669 796 1405 377 970 9 2553 
334 28 2557 2558 1453 147 236 9 
2554 105 347 1099 504 1579 1404 1367 2555 406 2556 9 
1625 2038 65 383 542 1411 1451 
147 1810 9 
2559 1762 2560 1097 1411 2561 
111 824 620 2562 9 
377 6 214 1411 
2554 105 347 1099 504 1579 1404 1367 2555 406 2556 9 
2559 1762 2560 1097 1411 
681 66 2563 1743 377 2564 9 
309 1543 2565 1560 2566 47 9 2567 
1688 334 786 2321 9 
1811 1 2568 298 2100 218 2512 71 
92 2569 542 122 1399 692 204 1399 269 598 2570 2571 2572 1411 
9 487 209 545 71 1411 2573 
1411 1379 163 1453 1920 334 790 116 828 
1668 2576 284 1411 
1668 2576 284 1411 
202 211 147 334 377 
1962 65 1411 
111 723 2577 1822 1447 2578 195 9 
111 31 2105 2579 1518 9 
47 2105 71 236 1411 
47 2105 71 236 1411 
2554 105 347 1099 504 1579 1404 1367 2555 406 2556 9 
2582 1972 68 2583 2584 163 1399 9 
2585 692 204 377 9 
2585 692 204 377 9 
2585 692 204 377 9 
9 1585 1586 9 
9 286 2586 
2554 105 347 1099 504 1579 1404 1367 2555 406 2556 9 
2554 105 347 1099 504 1579 1404 1367 2555 406 2556 9 
2589 2590 430 572 1411 1362 
2589 2590 430 572 1411 2591 
890 1476 377 1649 2592 
2589 2590 430 572 1411 2591 
430 2593 872 1582 647 1411 165 
88 1964 245 1457 1411 84 2077 
2594 1411 610 16 1075 828 2595 1099 
147 309 1367 1405 1411 
2450 1411 1230 1379 2597 
136 220 1417 2506 1388 1411 
377 6 214 1411 
377 6 214 1411 
136 220 1417 2506 1388 1411 
147 1927 2598 406 1102 2599 1411 
147 1927 2598 406 1102 2599 1411 
2554 105 347 1099 504 1579 1404 1367 2555 406 2556 9 
2594 1411 610 202 147 128 9 
66 1521 1559 807 1411 2601 
66 1521 1559 807 1411 2601 
334 1599 377 
274 275 276 105 36 534 1411 
202 357 278 1411 610 
66 1521 1559 807 1411 2601 
1466 1654 1417 1411 
6 2602 626 2604 2605 130 
233 2406 1978 1988 1367 2606 9 
1421 2411 116 36 286 1411 2607 
1421 2411 116 36 286 1411 2607 
1421 2411 116 36 286 1411 2607 
67 9 2608 
2609 2569 2610 7 629 1027 1411 
2594 1411 610 16 1075 2595 1099 
2611 2612 2613 105 377 
377 6 214 1411 
263 147 102 383 377 
647 88 175 233 1411 
1485 976 251 175 7 1411 2614 
287 807 7 1229 1411 2614 
1388 2615 102 2616 1411 2617 
251 2618 1475 624 1411 
251 2618 1475 624 1411 
251 2618 1475 624 1411 
251 2618 1475 624 1411 
251 2618 1475 624 1411 
251 2618 1475 624 1411 
251 2618 1475 624 1411 
251 2618 1475 624 1411 
251 2618 1475 624 1411 
251 2618 1475 624 1411 
251 2618 1475 624 1411 
251 2618 1475 624 1411 
251 2618 1475 624 1411 
251 2618 1475 624 1411 
796 122 1822 696 2619 828 1462 104 2620 377 
251 2618 1475 624 1411 
251 2618 1475 624 1411 
251 2618 1475 624 1411 
251 2618 1475 624 1411 
251 2618 1475 624 1411 
251 2618 1475 624 1411 
251 2618 1475 624 1411 
251 2618 1475 624 1411 
251 2618 1475 624 1411 
251 2618 1475 624 1411 
2621 1353 9 719 1063 
1382 1411 
2512 2622 168 1404 2050 
2623 8 2624 1411 
1230 1411 2353 455 1727 2627 2628 2629 204 2630 
617 2569 2631 2630 2632 863 27 1411 
2633 1559 2634 976 2635 1411 209 47 105 
2554 105 347 1099 504 1579 1404 1367 2555 406 2556 9 
2623 8 2624 1411 
12 317 2636 1051 2637 71 1411 
1411 2638 2012 263 2639 66 1521 1813 36 
2640 2641 2491 1411 2642 248 2643 2644 
2640 2641 2491 1411 2642 248 2643 2644 
2640 2641 2491 1411 2642 248 2643 2644 
1422 2645 280 1165 512 2646 2647 391 2648 9 
715 47 336 1618 2649 2650 9 
1618 2651 2652 134 287 47 105 2653 9 236 
2554 105 347 1099 504 1579 1404 1367 2555 406 2556 9 
28 2654 2655 2529 2656 1411 
761 285 2659 71 2660 9 
2554 105 347 1099 504 1579 1404 1367 2555 406 2556 9 
122 1579 624 147 1878 93 2669 9 50 
17 473 1817 781 2670 2671 1411 
1988 1767 1411 1668 2672 1863 2673 
872 9 
2674 1076 419 2675 2676 43 1357 9 
2678 1649 233 624 28 2679 2680 9 
13 334 1652 734 1457 71 9 
13 334 1652 734 1457 71 9 
13 334 1652 734 1457 71 9 
13 334 1652 734 1457 71 9 
13 334 1652 734 1457 71 9 
13 334 1652 734 1457 71 9 
13 334 1652 734 1457 71 9 
13 334 1652 734 1457 71 9 
13 334 1652 734 1457 71 9 
1411 241 105 47 1649 2537 334 2638 2368 
1510 2681 631 430 1411 
1510 2682 1353 1411 
2554 105 347 1099 504 1579 1404 1367 2555 406 2556 9 
71 1471 1 2684 2685 936 209 168 308 36 286 
729 647 2686 1984 1179 1099 2687 472 1411 
5 1 2684 130 132 222 112 218 2688 
71 1471 1 2684 2685 936 209 168 308 36 286 
71 1471 1 2684 2685 936 209 168 308 36 286 
36 293 9 294 
69 2694 71 1558 2695 625 1411 
69 2694 71 1558 2695 625 1411 
69 2694 71 1558 2695 625 1411 
377 6 214 1411 
2697 1411 2698 
407 1668 406 2699 1411 
2700 2701 2702 1435 2703 2704 2705 71 1411 
28 2706 2707 491 9 
28 702 286 926 1411 
233 2708 1649 2595 2709 1275 9 
2713 2714 1813 278 2715 2716 2016 168 102 2717 
2713 2714 1813 278 2715 2716 2016 168 102 2717 
632 1686 2725 9 905 574 1411 
198 2726 209 545 2727 2728 71 1411 
116 47 2729 233 2079 363 307 66 195 9 
9 
1811 251 1574 2574 122 104 2730 1411 
2736 209 545 1386 1411 
116 47 233 2079 363 307 625 1411 
2712 574 1411 
1402 280 923 574 1411 2737 
165 945 1307 280 1411 
2554 105 347 1099 504 1579 1404 1367 2555 406 2556 9 
2692 2693 377 1411 
1411 
1487 1570 383 2738 1411 
1388 8 2512 
1806 536 1439 2742 70 2743 2685 
92 1046 206 2744 387 1475 1411 
1881 631 2473 233 71 1411 
1881 631 2473 233 71 1411 
2554 105 347 1099 504 1579 1404 1367 2555 406 2556 9 
189 506 66 26 1388 6 1411 
189 506 66 26 1388 6 1411 2745 
2747 2748 9 
9 
1389 205 1060 2751 1389 2752 2753 1411 
1389 205 1060 2751 1389 2752 2753 1411 
2554 105 347 1099 504 1579 1404 1367 2555 406 2556 9 
1407 69 2694 71 1558 2695 625 1411 
1411 
2754 2755 6 8 
258 163 692 204 664 1460 9 
258 163 692 204 664 1460 9 
258 163 692 204 664 1460 9 
591 1011 1411 1010 16 828 102 
1411 564 
1625 9 
944 872 2757 2758 625 1411 
625 1972 1558 2759 1411 
625 1972 1558 2759 1411 
625 1972 1558 2759 1411 
625 1972 1558 2759 1411 
625 1972 1558 2759 1411 
625 1972 1558 2759 1411 
625 1972 1558 2759 1411 
625 1972 1558 2759 1411 
1876 105 2431 47 473 1841 890 1474 722 9 
2760 258 163 692 204 664 1460 377 
2760 258 163 692 204 664 1460 377 
2760 258 163 692 204 664 1460 377 
66 1521 1559 807 1411 2601 
12 929 1411 2764 
109 130 1469 
109 130 1469 
2512 2684 1880 
109 2765 16 1602 147 2766 2767 1411 71 
109 2765 16 1602 147 2766 2767 1411 71 
64 147 1705 263 147 1411 3 
1421 2411 116 36 286 1411 2607 
4 148 976 9 2424 2769 71 
2770 270 2771 2772 1750 67 1424 2773 2251 2774 2251 2775 1411 
66 109 6 130 
1374 2512 2776 2777 2314 218 
251 2618 1475 624 1411 
640 28 2781 2782 2783 711 2630 455 1727 1411 2627 2628 204 
2784 626 878 132 1913 2785 6 8 1502 
168 1705 2786 2787 9 66 
168 1705 2786 2787 9 66 
66 109 6 130 
519 130 132 936 2790 2791 
8 4 68 130 
269 986 545 178 528 2788 9 2794 
1230 1411 2353 455 1727 2627 2628 2629 
2795 241 2584 2512 2796 2797 
2615 168 17 132 130 6 2623 
1980 926 8 233 336 2799 168 2800 
1980 926 8 233 336 2799 168 2800 
643 331 516 2801 71 574 1411 
2803 491 116 136 2804 2064 2786 1916 1604 25 2153 1411 
130 2420 132 376 2805 6 
2806 206 231 1 407 408 165 2807 9 
2812 2684 130 2813 2779 6 8 
66 109 6 130 
1474 2817 2024 50 1411 
2818 2541 336 658 2024 50 1411 1591 
2024 163 1558 50 1411 
1694 658 2024 50 1411 
2024 2819 1704 1755 722 50 1411 
1614 251 2512 2820 
953 2821 2822 2823 1354 658 2024 1411 50 
699 16 2826 147 1451 1411 
820 2828 7 2829 2583 
820 2828 7 2829 2583 
820 2828 7 2829 2583 
105 47 136 377 986 945 222 1425 2837 2838 28 2839 2840 269 
105 47 136 377 945 222 1425 2841 2842 2843 2844 450 
105 47 136 377 986 945 222 1425 2837 2838 28 2839 2840 2845 
105 47 136 377 945 222 1425 2841 2842 2843 2844 450 2846 2847 
377 945 2806 8 136 222 1425 2837 2838 28 2839 2840 2845 
377 945 2806 8 136 222 1425 2841 2842 2843 2844 450 2846 2847 
377 945 2806 8 136 222 1425 2837 2838 28 2839 2840 2845 
1625 1411 2670 
2848 1082 2849 1793 2850 1473 1430 1411 
2424 9 2115 2851 
2424 9 2115 2851 
2424 9 2115 2851 
1502 8 168 2780 104 163 
269 737 247 1484 71 1411 6 9 
269 737 247 1484 71 1411 6 9 
12 723 1625 669 132 2685 2855 
71 2467 9 579 1805 336 681 
66 109 6 130 
2697 2859 2860 9 
2697 2859 2860 9 
2697 2859 2860 9 
66 109 6 130 
1558 2164 47 1460 1411 116 
6 8 2866 132 2867 130 132 
130 132 2868 2869 1440 2870 298 2871 
512 109 1518 8 2873 266 
168 334 549 2512 263 102 6 
2874 188 2875 986 2610 285 71 2876 2877 50 9 
1377 147 781 304 835 9 
2878 1051 534 166 175 136 1411 2734 
545 384 1411 1681 
66 109 6 130 
55 2879 2880 202 702 128 1411 
71 1811 2370 6 233 269 188 2447 1411 
1380 1204 9 2881 
66 109 6 130 
1019 2885 130 2886 
1019 2885 130 130 
1705 1505 209 41 271 8 132 2541 2887 
1705 1505 209 41 271 8 132 2541 2887 
6 410 669 130 132 2888 
168 334 549 2512 263 102 6 
357 2892 8 2893 104 2716 132 
2901 1546 2764 2762 1521 2902 2903 2512 2904 
8 6 534 1411 1681 
130 132 2244 275 6 722 2050 8 
1913 2716 1625 2907 893 168 6 
130 132 2244 275 6 722 2050 8 
130 132 2244 275 6 722 2050 8 
130 2908 6 2909 
66 109 6 130 
2584 2912 153 58 148 2913 130 6 
836 1495 304 542 2914 2915 2916 2917 130 2918 
836 1495 304 542 2914 2915 2916 2917 130 2918 
2919 782 8 9 2920 2574 1399 104 
2919 782 8 9 2920 2574 1399 104 
2512 2105 104 6 8 2508 2921 2922 
2512 2105 104 6 8 2508 2921 2922 
2512 2105 104 6 8 2508 2921 2922 
2512 2105 104 6 8 2508 2921 2922 
2512 2105 104 6 8 2508 2921 2922 
130 2420 8 233 2923 672 631 2924 2512 6 
249 1656 188 2925 649 36 9 2926 2927 579 
1407 2512 2930 1940 68 2050 8 218 6 
8 2893 2933 168 8 2934 2050 
1073 1457 1853 31 1086 1411 
1452 407 408 9 2564 
1452 407 408 9 2564 
836 1495 304 542 2914 2915 2916 2917 130 2918 
2512 2935 2936 257 232 6 165 
27 2937 2938 2939 1411 2940 
249 2941 2942 618 2943 2826 2716 2419 2944 
617 542 204 1399 2158 6 8 314 166 2945 1901 2946 2939 
1412 2947 1859 1372 168 1109 6 104 2948 2949 2950 9 
2951 2952 9 1920 2953 2954 6 8 
438 1121 2955 6 2512 
2956 31 2685 640 2528 773 2957 2958 2743 
2956 31 2685 640 2528 773 2957 2958 2743 
2956 31 2685 640 2528 773 2957 2958 2743 
2956 31 2685 640 2528 773 2957 2958 2743 
2959 527 2437 319 750 2839 2960 2961 2743 2685 
536 756 1558 175 8 
750 452 168 8 2509 2922 278 2963 8 
750 452 168 8 2509 2922 278 2963 8 
918 188 919 994 258 9 
8 1841 2964 1668 2965 2966 
1353 130 2420 8 323 2512 
1671 1672 168 2973 130 2420 
2975 2976 1447 6 8 1411 
2512 2977 168 6 
2512 2977 168 6 
2975 2976 1447 2583 1411 
258 163 692 204 664 1460 9 
1427 2981 2975 2976 1447 2583 1427 2982 
2919 782 8 9 2920 2574 1399 104 
711 918 1394 71 576 17 692 204 377 1411 
2685 263 102 1091 2983 6 
438 9 2978 2984 1121 66 46 2081 2985 
711 918 1394 71 576 17 692 204 377 1411 
2512 2977 168 6 
2512 2977 168 6 
1355 2685 820 6 796 104 
66 109 6 130 
1668 8 163 164 2990 796 104 2973 2512 2991 
1668 8 163 164 2990 796 104 2973 2512 2991 
457 761 2839 168 2992 2684 2512 
1361 6 7 610 377 8 1352 
1361 1028 2164 168 2492 130 209 47 105 383 2993 
446 1361 1362 610 377 8 1352 
446 1361 1362 610 377 8 1352 
66 109 6 130 
1361 1028 2164 168 2492 130 209 47 105 383 377 1846 
377 6 8 1363 47 105 163 692 204 1352 
2994 164 2685 2973 669 1028 111 66 2995 
438 6 2996 2997 2998 1411 
130 132 2999 3000 3001 3002 3003 
1361 6 7 610 377 8 
2512 2508 3004 3005 2998 
410 2414 1453 168 2973 9 7 
224 304 937 2576 265 6 130 71 
446 1361 6 7 610 377 8 
446 1361 6 7 610 377 8 1352 
446 1361 6 7 610 377 8 1352 
750 1314 3006 3007 323 1460 377 6 66 9 
446 1361 6 7 610 377 8 1352 
446 1361 6 7 610 377 8 1352 
377 6 8 1363 47 105 163 692 204 1352 
446 1361 1362 610 377 8 1352 
647 1362 245 3008 3009 3010 218 2685 
377 6 8 1363 47 105 163 692 204 1352 
377 6 8 1363 47 105 163 692 204 1352 
1361 6 7 610 1668 8 3012 
363 1372 1432 168 3014 945 8 168 2606 1452 280 9 
446 1361 6 7 610 377 8 1352 
618 26 3017 3018 2512 8 237 6 
1404 2716 3019 1995 286 2883 929 811 
446 1361 1362 610 377 8 1352 
6 7 610 3022 8 130 2420 
1361 6 8 610 669 1488 2512 102 3023 
130 796 1579 3024 3025 6 1070 3026 1 3027 
377 6 8 1363 47 105 163 692 204 1352 
377 6 8 1363 47 105 163 692 204 3029 
9 3030 644 629 3031 
430 647 9 6 3032 
639 2508 2685 84 3028 6 1110 
3035 130 132 669 549 
3037 3038 130 6 2512 
3037 3038 130 6 2512 
3035 130 132 669 549 
3041 3042 430 647 1972 1558 9 
3041 3042 430 647 1972 1558 9 
446 1361 6 7 610 377 8 1352 
71 2685 68 132 919 3039 6 
6 3044 80 130 321 3045 462 
6 3044 80 130 321 3045 462 
6 3044 80 130 321 3045 462 
1559 446 696 574 1768 835 3046 1411 
3047 395 2685 132 1278 1627 
6 3048 395 265 2973 2685 3049 
2023 6 1408 377 265 2996 
132 3050 2512 2776 6 
2685 2512 1440 632 2495 6 
163 164 168 1668 2973 6 2685 796 104 
6 410 290 130 132 377 
2973 263 102 2685 6 
6 3051 2921 377 3052 2973 9 
9 1230 641 3053 66 1451 
9 1230 641 3053 66 1451 
12 3056 1411 553 2185 1494 71 
1361 1391 334 3057 6 8 
1559 189 1411 3058 999 711 3059 1558 965 
6 3044 80 130 321 3045 462 
236 1019 3060 444 1 9 13 
130 1272 2475 6 198 1382 8 
1404 2684 2716 2420 132 936 1995 
153 1 6 9 456 
1407 1046 206 2744 387 1475 1411 
3061 579 1424 336 549 1411 
50 232 1367 1420 209 116 1411 
6 1398 168 163 1399 9 1352 
6 410 290 130 132 377 3062 
6 1398 168 163 1399 9 1352 
2410 263 336 102 1411 
224 233 231 327 36 2685 
168 1399 130 132 512 104 66 2606 
1176 3063 3064 624 327 682 8 1625 2356 
1466 3066 168 1562 410 6 2356 591 828 1442 682 8 
1466 3066 168 1562 410 6 2356 591 828 1442 682 8 
485 31 3068 523 2804 2716 2639 
624 224 6 3069 8 2685 266 
6 2167 168 88 3070 3071 3072 576 2685 542 
393 168 1562 3073 1411 
1382 2193 8 130 71 
1382 2193 8 130 71 
1382 2193 8 130 71 
1382 2193 8 130 71 
1382 2193 8 130 71 
1382 2193 8 130 71 
168 2685 286 6 
1382 2193 8 130 71 
1382 2193 8 130 71 
2882 3074 6 410 1374 168 2606 1858 130 2584 377 
2953 2629 542 3077 3078 430 2747 9 
47 1411 
2953 2629 542 3077 3078 430 2747 9 
2953 2629 542 3077 3078 430 2747 9 
130 1272 2475 6 198 1382 8 
1382 2193 8 130 71 
1382 2193 8 130 71 
1382 2193 8 130 71 
1382 2193 8 130 71 
1382 2193 8 130 71 
1361 6 8 610 669 1488 2512 102 3023 
1382 2193 8 130 71 
522 243 224 233 8 1625 233 1649 
2882 6 410 80 2685 71 3045 
2882 6 410 80 2685 71 3045 
2882 6 410 80 2685 71 3045 
2685 263 102 937 265 438 6 165 3079 
2685 263 102 937 265 438 6 165 3079 
2685 263 102 937 265 438 6 165 3079 
820 3081 542 1362 1411 3082 
3083 618 1091 602 8 71 263 102 31 334 
8 9 280 284 3 6 745 
8 9 280 284 3 6 745 
1324 130 8 2776 1440 632 3084 1278 377 
2953 2629 542 3077 3078 430 2747 9 
6 224 327 393 168 8 376 3086 
189 172 824 75 6 2541 9 2346 2346 
820 3081 542 1362 1411 3082 
8 1625 820 564 6 1411 
1391 109 130 3087 
1391 109 130 3087 
1356 1272 446 168 130 132 104 165 2265 1388 6 3088 
3089 493 458 3090 3091 963 1345 9 6 3092 
625 1972 1558 2759 1411 3094 
625 1972 1558 2759 1411 3094 
189 172 824 75 6 2541 9 2346 2346 
625 1972 1558 2759 1411 3094 
625 1972 1558 2759 1411 3094 
625 1972 1558 2759 1411 3094 
2583 470 2079 2812 104 1649 6 168 
3102 104 3103 3104 6 2716 2685 
1972 1558 847 1411 
3105 796 104 8 549 130 132 3106 
8 2935 6 7 610 3107 195 168 3108 
447 8 616 631 8 3109 
3110 2495 2509 1858 2960 3111 195 3112 6 2716 
3110 2495 130 2960 3111 195 3112 6 2716 
3110 2495 606 2960 3111 195 3112 6 2716 
3110 2495 606 2960 3111 195 3112 6 2716 
1841 269 188 1450 105 269 986 47 1404 3113 1411 
641 3114 237 3115 3116 9 
3105 796 104 8 549 130 132 3106 
898 6 8 71 
752 1559 202 828 1353 574 47 105 1411 
130 132 9 2996 3118 3119 1272 3120 1411 
265 2996 263 102 50 71 1411 172 
752 1559 202 828 574 1625 47 105 1411 
2102 2512 3123 168 3124 3125 568 6 
286 944 574 835 1769 1411 
286 944 574 835 1769 1411 
377 3126 6 7 610 2685 
2420 132 1484 263 102 2512 6 3130 3131 
639 1391 3134 361 850 2747 9 3135 
639 1391 3134 361 850 2747 9 
130 132 2776 632 2495 3136 2716 
639 1391 3134 361 850 2747 9 
2594 1411 610 16 17 610 2595 1099 
163 1399 473 130 132 132 512 104 
3137 265 6 1328 3138 576 8 542 
1570 209 168 2716 3142 404 132 1453 1654 
692 1520 147 2315 3143 1411 
2597 168 3144 2973 6 8 2828 
66 109 6 130 
579 130 1272 2512 6 2050 3148 
12 596 7 2583 
613 3149 86 1411 1019 475 2249 
624 68 1543 1972 8 31 334 3032 
487 1559 807 1411 
1411 1408 2258 
2449 3105 796 104 2805 549 130 132 
273 36 1314 153 3152 3153 9 
1705 2805 104 3154 2541 9 3155 
1768 383 593 9 
153 3157 1 211 1082 3158 3159 2442 46 16 1411 
3164 217 3165 2716 6 618 952 323 
3166 3167 2685 3168 3169 1873 3170 218 3171 
625 2107 711 1420 68 3172 1543 9 3173 
2102 2512 3123 168 3124 3125 568 6 
2102 2512 3123 168 3124 3125 568 6 
2102 2512 3123 168 3124 3125 568 6 
2102 2512 3123 168 3124 3125 568 6 
2102 2512 3123 168 3124 3125 568 
189 1386 130 6 3175 712 2764 3176 3177 
1411 3174 
28 2661 222 3178 438 6 1411 
722 168 269 970 2819 9 
31 334 1451 2806 1411 
1563 17 16 658 251 1411 
3179 1020 6 8 68 2512 3180 
680 1755 563 3181 1411 2052 329 
28 2661 222 3178 438 6 1411 
803 1411 1352 
44 1073 1412 1413 1411 1352 
1411 1352 
44 1073 1412 1413 1411 1352 
44 1073 1412 1413 1411 1352 
44 1073 1412 1413 1411 1352 
803 1411 1352 
44 1073 1412 1413 1411 1352 
803 1411 1352 
9 610 16 17 3182 1411 71 
803 1411 1352 
803 1411 1352 
803 1411 1352 
803 1411 1352 
109 6 2541 9 2346 2346 
803 1411 1352 
803 1411 1352 
3183 723 6 3184 8 1625 1975 994 168 1001 8 132 
803 1411 1352 
803 1411 1352 
1411 1414 188 919 211 1352 
1411 1414 188 919 211 1352 
1411 1414 188 919 211 1352 
2685 419 2684 579 165 152 2050 195 
153 3157 1 211 1082 3158 3159 2442 46 16 1411 
2594 1411 610 2992 265 2996 6 165 
31 334 1451 2806 1411 
943 285 1411 50 
16 17 2315 692 1520 1411 
734 3185 3186 3187 168 2613 130 132 6 2685 
71 1001 2716 286 
1121 1625 1324 2716 
188 1405 3026 3188 1089 1411 321 858 
188 1405 3026 3188 1089 1411 321 3189 
188 1405 3026 3188 1089 1411 321 858 
2554 105 347 1099 504 1579 1404 1367 2555 406 2556 9 
3195 17 1768 269 1411 1396 
3195 17 1768 269 1411 1396 
130 2420 3194 
211 1353 1374 130 2420 
66 109 6 130 
2173 3196 199 645 2927 1011 3003 9 84 876 
719 2512 3194 327 130 132 8 2034 
542 3197 1476 2505 168 1373 8 50 
12 810 574 553 1349 1194 3198 1415 1194 1411 
3199 1011 3200 9 3201 3202 3203 
803 1411 1352 
824 620 781 376 3204 1017 66 6 7 8 
109 2025 1411 
109 2025 1411 
109 2025 1411 
109 2025 1411 
1768 3205 1411 3206 
136 220 534 1229 1822 3207 2980 1411 168 1373 2495 3206 
109 2025 1411 
3208 1558 615 8 3211 168 6 2512 3212 
377 6 
1405 3213 270 245 241 9 6 
963 6 9 2420 132 1272 
2348 407 408 214 165 9 
377 6 8 1363 47 105 163 692 204 3216 
803 1411 1352 
202 574 1411 1559 574 542 
1563 17 16 658 251 1411 
685 661 640 269 1904 617 3217 2716 3218 3219 
2512 251 2684 1440 
36 233 2923 3220 3220 3221 3222 1411 
3224 8 6 645 3225 
1427 3226 3224 8 6 
3224 8 6 645 3225 
2973 6 9 1230 
625 1972 1558 2759 1411 
625 1972 1558 2759 1411 
625 1972 1558 2759 1411 
130 2420 123 6 8 3131 
168 1399 473 130 132 132 512 104 
8 263 102 6 
274 275 276 105 36 1411 2258 
274 275 276 105 36 1411 3228 
3102 1477 3229 28 3230 3231 3232 3233 2512 2776 
1487 624 1420 549 147 383 1411 
692 204 104 669 2721 625 3234 1411 
1449 3235 3236 3237 130 3238 231 1 2973 
1449 3235 3236 3237 130 3238 231 1 2973 
1449 3235 3236 3237 130 3238 231 1 2973 
377 6 7 9 3239 
9 
334 2512 2776 6 3240 
334 2512 2776 6 3240 
561 47 105 50 9 3241 
2721 8 233 3213 2406 6 8 1980 3242 
269 512 3243 168 130 132 3244 3245 6 
269 512 3243 168 130 132 3244 3245 6 
269 512 1420 385 625 3246 9 
66 109 6 130 
752 828 807 3250 26 3251 1916 2658 1411 
1649 8 233 395 168 2345 2333 1884 1681 3101 
1649 8 233 395 168 2345 2333 1884 1681 3101 
104 692 1372 168 1109 6 2512 
1427 1366 1405 1442 46 147 1411 1443 269 1444 1445 3254 
1405 1442 46 147 1411 1443 269 1444 1445 1352 
790 3255 6 8 3256 820 534 
790 3255 6 8 3256 820 534 
8 233 5 3257 3258 6 2512 3259 
90 1984 1059 3040 986 265 8 
790 3255 6 8 3256 820 534 
377 3260 3261 1440 
1502 2962 1474 498 1 8 
66 109 6 130 
2736 1386 2282 377 258 2811 
168 2525 8 2747 2990 3262 6 8 
3040 542 945 516 3263 3264 1411 3265 2606 
31 334 9 236 3266 
2081 3267 3050 2512 3268 
31 334 9 236 3266 
1811 251 2541 1 336 1411 3269 
198 3270 3271 9 955 601 
198 3270 3271 9 955 601 
168 8 
3040 542 945 516 3263 3264 1411 3265 2606 
1811 251 1705 1 336 3274 13 1411 
397 835 3275 1411 1644 610 
3276 130 2420 936 1895 2684 1440 702 828 3277 407 3278 
553 1913 8 1209 3279 2914 8 
397 835 3275 1411 1644 610 
66 109 6 130 
3280 294 1414 6 8 
3281 3282 3283 1411 3284 3285 
3281 3282 3283 1411 3284 3285 
3281 3282 3283 1411 3284 3285 
3280 294 1414 3286 8 218 3287 3288 
3289 1031 1411 2658 
3289 1031 1411 2658 
3289 1031 1411 2658 
2235 1411 3290 
2235 1411 3290 
1469 9 695 13 542 1411 
1405 1442 46 147 1411 1443 269 1444 1445 1352 
1505 334 36 9 1411 205 
1505 334 36 9 1411 205 
1505 334 36 9 1411 205 
377 6 8 1363 47 105 163 692 204 3029 
73 1417 251 1927 9 286 
836 3292 3293 945 3162 8 218 9 66 
462 9 
31 17 232 1086 377 
2728 251 553 2716 
1028 1089 111 13 908 377 50 
3294 13 334 88 3295 16 47 2877 9 
279 1913 1469 8 3296 
1046 3297 2914 2836 8 
41 1279 3298 1086 9 232 257 2541 
2716 3299 1625 1388 6 662 604 3300 
66 109 6 130 
112 168 6 1411 
3301 3302 1281 424 571 8 404 236 
6 658 136 9 1352 
218 3269 1591 9 66 3101 3303 
1386 3304 3305 1354 9 
3306 
1386 3304 3305 1354 9 
377 6 132 549 2685 3307 
919 1382 2167 50 1411 
696 130 3308 6 8 3309 1825 3310 1681 
3311 3312 1901 729 3313 1411 6 
71 1625 1411 1667 1688 116 
564 6 1354 65 71 50 1411 
820 71 1411 1688 147 
66 109 6 130 
28 3317 3232 1478 2512 2776 6 3318 3319 3320 3321 
28 3317 3232 1478 2512 2776 6 3318 3319 3320 3321 
2023 1703 6 1411 71 
1075 820 68 1411 
446 377 6 919 8 1352 
350 891 363 3322 6 1425 247 130 
350 891 363 3322 6 1425 247 130 
564 6 1354 65 71 50 1411 
12 1573 574 357 74 9 1667 165 
12 1573 574 357 74 9 1667 165 
625 1558 9 139 514 3323 1028 692 3324 3325 3326 3327 
1075 1404 1411 1489 
1075 1404 1411 1489 
286 3329 750 452 626 580 3330 8 
2620 1559 3331 2620 9 
3332 9 383 
1354 26 3164 1375 761 26 9 
855 1019 3334 874 858 3335 9 
12 1687 456 53 1411 
3337 3059 165 1411 2747 2478 136 233 3040 3338 958 3339 3340 
220 1417 3342 272 147 1882 1489 1411 
723 522 1625 1411 
168 2990 211 130 132 2810 199 2510 265 
723 522 1625 1411 
130 782 
2340 47 105 1504 47 105 9 
3343 503 3344 6 8 2519 1608 3345 
1028 3346 1155 3347 3348 3349 3350 9 1918 152 
1847 1153 544 1918 831 1411 1497 3351 
1344 3352 3350 9 
1344 3352 3350 9 
3353 3348 3350 645 3346 3354 1627 9 623 139 3355 
3356 412 28 3348 50 1411 
460 3358 526 3359 195 9 
273 84 8 272 3032 
644 3360 214 1411 
165 1121 321 498 6 9 
357 74 3361 1518 1411 50 
357 74 3361 1518 1411 50 
357 74 3361 1518 1411 
357 74 3361 1518 1411 
357 74 3361 1518 1411 50 
1841 1487 624 116 1927 1411 
3208 3362 1666 8 6 2685 
68 6 8 266 3032 
3208 3362 6 8 68 2804 3363 2512 1559 
66 109 6 130 
168 6 8 2883 3365 130 3366 
8 263 102 6 2549 1328 3137 265 1393 132 
152 3367 3368 8 
3329 750 452 626 580 3330 8 
12 13 236 3373 3374 1729 9 
1469 2512 286 1440 632 2684 1440 2495 132 3375 
2685 1469 2613 1374 8 28 3376 1291 3377 
168 6 8 2883 3379 9 
168 6 8 2883 3379 9 
644 3360 214 9 
1847 1153 544 1918 831 1411 1497 3351 
36 8 130 2420 2936 188 36 3380 
8 1360 936 2685 3381 3101 2081 
165 320 3316 2798 1913 8 166 
8 68 3005 130 
629 2721 363 116 1411 
3390 8 1380 1374 130 132 3391 512 104 
898 1654 278 1411 
898 1654 278 1411 
3390 8 1380 1374 130 132 3391 512 104 
3390 8 1380 1374 130 132 3391 512 104 
820 1747 8 168 3393 3394 3395 6 66 9 
165 1995 3396 6 2685 3397 
446 71 377 3398 1372 198 658 1460 1411 
3403 8 8 
3208 918 8 1420 168 1681 
211 1353 1374 130 2420 
1411 
8 3404 2574 891 1386 8 
209 168 1668 130 2420 286 2512 1754 232 130 218 
132 3408 1477 1216 3409 3050 130 1422 2583 280 3410 
377 2998 1411 3418 
168 66 1374 130 1469 1625 924 58 58 3419 3420 669 1602 304 3421 2871 
168 66 1374 130 1469 1625 924 58 58 3419 3420 669 1602 
1361 2995 610 334 3057 130 132 
410 71 1411 1559 3422 
410 71 1411 1559 3423 
3424 1367 105 47 1411 
3424 1367 105 47 1411 
3427 669 604 9 
2685 377 6 132 549 
196 270 1585 66 768 2519 3428 9 1729 3429 3381 
130 132 377 6 286 3431 1665 1608 
576 130 152 6 8 1723 3432 3433 66 
6 2136 986 1372 168 104 136 377 1627 1411 
1361 2995 610 165 6 9 
574 1389 3434 14 1111 3435 9 
617 3436 2671 269 164 350 3437 3438 6 9 
1367 17 163 692 1411 
153 1 1 3439 1411 
3367 3436 2671 6 9 7 610 
17 383 286 232 9 
6 410 139 658 2512 574 3442 66 
66 109 6 130 
130 132 377 88 1488 3443 3444 3445 
2396 2397 1176 1521 2397 97 2050 66 1665 130 
2512 3446 2495 1328 1958 
2512 3446 2495 1328 1958 
2512 3448 6 1681 
3450 1453 221 1608 945 136 130 986 3451 3452 9 
71 1485 1476 986 6 9 549 905 1681 2586 
377 2193 130 2420 132 576 2928 132 542 2998 
2594 1422 1411 610 165 2112 6 198 1382 
66 109 6 130 
720 90 3453 1411 
3454 1701 3455 842 376 2583 781 512 
542 2597 2311 3456 130 2420 1563 17 9 
1411 28 1806 1092 3457 965 807 3458 
3459 782 377 251 9 3143 
109 2767 71 1411 
1411 2767 71 
304 3460 3461 2767 1411 71 
3462 598 1584 1639 2489 3463 1411 
607 2767 71 1411 
109 92 2767 71 1411 
1523 2346 2767 1411 1230 71 263 102 
1867 17 1373 2767 1411 71 
2767 1411 71 
2767 1411 71 3465 
1652 407 408 205 3466 2023 1110 9 
12 13 2828 1942 233 1411 
727 1411 1509 
727 1411 1509 
12 580 3102 6 9 2934 
1625 377 
