2519 1469 3456 999 3530 1521 263 102 31 188 1602 334 
263 4983 4984 792 545 4985 2519 4986 
263 4983 4984 792 545 4985 2519 4986 
263 4983 4984 792 545 4985 2519 
1420 1367 611 3402 232 2806 
2519 3814 178 1367 4987 
3620 2404 209 3097 105 4987 
5 288 289 3097 105 
13 1146 1631 2519 6 
2519 168 1947 218 2934 3887 
168 1325 2519 1947 218 4988 4989 
168 1325 2519 1947 218 4988 4989 
168 1325 2519 1947 218 4988 4989 
2519 168 1947 
3097 168 1947 2519 
579 2519 168 1947 
579 2519 168 1947 
238 4990 2463 728 168 2519 220 1417 
238 4990 2463 728 168 2519 220 1417 
2519 168 1947 2519 168 
13 2519 168 1947 1631 
238 4990 2463 728 168 2519 220 1417 
238 4990 2463 728 168 2519 220 1417 
4991 1417 168 2519 
241 3097 168 
241 3097 168 232 2519 
36 286 1417 2519 828 
455 4992 111 2284 289 2519 1420 4982 876 
1417 168 2519 36 75 
36 286 1417 2519 828 
249 1417 2519 828 273 4993 723 
36 286 4994 136 1417 2519 828 
249 1417 168 2519 
249 1417 168 2519 
4995 4996 534 3097 168 
84 75 3097 168 1947 
168 2519 1947 
553 534 3097 168 
553 534 3097 168 
4997 1417 168 1325 2519 
553 534 3097 168 2519 
553 534 3097 168 2519 
16 232 4982 2519 
1353 4993 750 209 545 1325 2519 309 2519 4982 
4998 1209 2806 1671 1753 66 536 4999 
321 13 1805 336 2519 241 
1805 336 2519 241 
1805 336 2519 241 
1805 336 2519 241 
1805 336 2519 241 
1805 336 2519 241 
1805 336 2519 241 
1805 336 2519 241 
2519 5000 2288 336 241 
2519 5000 2288 336 241 3269 4989 
2519 5000 2288 336 241 3269 4989 
1805 336 2519 241 
232 9 5001 904 634 1818 5002 5003 132 
1805 336 1677 1367 473 2519 792 
1805 336 1677 1367 473 2519 792 
400 2519 148 9 152 5 1 728 2519 2116 165 
400 2519 148 9 152 5 1 728 2519 2116 165 
400 2519 148 9 152 5 1 728 2519 2116 165 
400 2519 148 9 152 5 1 728 2519 2116 165 
16 232 4982 2519 
2519 178 168 242 1 2550 1916 2744 387 
1643 1 2519 242 233 1916 3196 4982 5004 
2517 2518 2519 174 1609 9 1089 2520 
2249 5005 1847 1165 796 5006 3689 2032 5007 2519 
2201 233 2105 475 5008 1 2519 5009 168 5010 
4784 3165 5011 5012 36 1389 2519 1805 5013 336 
4784 3165 5011 5012 36 1389 2519 5014 559 5015 
631 116 1629 5016 2519 132 
493 527 280 2105 1768 1625 2806 
1960 5017 243 1664 2519 1521 430 1142 3205 
1960 5017 243 1664 2519 1521 430 1142 3205 
361 2519 84 5018 1471 5019 1 1430 5020 5021 
475 1797 2693 5022 2642 2519 4986 
1677 2635 1805 336 1086 5023 2519 148 
2644 36 7 1727 168 2519 330 5024 
1378 496 2853 153 1 2852 2806 
5025 1420 113 2806 5 1 2752 2258 
1179 1378 828 2806 153 301 2173 
5026 36 553 647 2193 377 1916 545 2519 
1160 1420 113 2806 5 2752 1 604 
1160 1420 113 2806 5 2752 1 604 
553 16 1916 1975 545 2519 
5026 265 936 75 5027 2750 1417 5028 2750 2519 5029 
36 647 634 828 2519 6 
553 16 1916 1975 545 2519 
2519 92 
2519 92 2519 4301 
5030 221 1325 2519 506 3331 1025 3770 144 
36 5031 5032 5033 5034 5035 1901 807 5036 986 727 986 5037 168 2519 5038 
2519 1048 5039 977 36 5040 2016 168 245 
5041 5042 2220 393 5043 5044 2519 36 927 5039 1513 
2519 1048 5039 977 36 5040 2016 168 245 
2519 1048 5039 977 36 5040 2016 168 245 
2712 1291 2519 232 
1420 3635 71 5045 737 2519 251 
1344 4631 5046 5047 1155 647 2519 7 
232 1469 1654 3196 1 2519 251 
289 168 5048 2519 1085 5049 
232 1469 1654 3196 1 2519 251 
632 1083 357 5050 5051 882 4067 268 1086 1087 5050 2519 1060 
147 188 856 3650 2519 5052 
3359 187 512 5054 187 269 4982 369 1593 217 2081 1460 2519 4228 
5056 5057 257 5058 5059 365 4968 5002 5060 
5056 5057 257 5058 5059 365 4968 5002 5060 
589 36 936 5026 5061 5062 16 2519 5063 
5064 790 2519 214 2976 5065 5066 
5064 790 2519 214 2976 5065 5066 
2810 28 5067 5068 491 168 2519 1898 5069 5070 5071 
2810 28 5067 5068 491 168 2519 1898 5069 5070 5071 
564 5064 790 2519 214 2976 5066 
564 5064 790 2519 214 2976 5066 
2519 92 5072 1086 4048 545 2519 
2519 92 5072 1086 4048 545 2519 
4121 692 290 4968 1604 5073 2224 5074 5075 
2519 28 5068 331 1898 5069 5076 
231 1916 251 5077 1805 336 5078 2519 
3743 2064 5079 2519 2455 243 3930 1878 5080 1649 5081 5082 
232 781 5083 335 4968 1685 4968 
247 5084 120 2975 251 3690 5085 2853 4986 2519 5086 
233 1916 251 5077 251 1805 336 231 1325 2519 
986 5087 2156 5088 5089 5090 5091 5092 5093 593 5094 4145 5095 4968 
398 1460 2806 
398 1460 2806 
2461 2697 5096 5097 5002 2519 4982 5060 4968 5098 2418 
5099 5100 5101 4673 4986 2519 5102 4229 5103 5104 
986 5087 2156 5088 5089 5090 5091 5092 5093 593 5094 4145 5095 4968 
986 5087 2156 5088 5089 5090 5091 5092 5093 593 5094 4145 5095 4968 
519 1039 232 7 610 2973 2519 5060 
232 4968 5002 5105 593 593 155 5106 1585 
232 4968 5002 5105 593 593 155 5106 1585 66 5107 
46 1664 5108 5109 5110 4986 2519 5111 882 3458 5112 5113 5114 700 
1 175 2519 288 568 5115 1841 323 251 
986 5087 2156 5088 5089 5090 5091 5092 5093 593 5094 4145 5095 4968 
5116 1349 1194 3652 5117 1593 5118 2806 2853 
986 5087 2156 5088 5089 5090 5091 5092 5093 593 5094 4145 5095 4968 
2148 1518 2147 66 1605 5119 5060 5002 5097 4968 1086 
986 5087 2156 5088 5089 5090 5091 5092 5093 593 5094 4145 5095 4968 
986 5087 2156 5088 5089 5090 5091 5092 5093 593 5094 4145 5095 4968 
986 5087 2156 5088 5089 5090 5091 5092 5093 593 5094 4145 5095 4968 
512 456 377 260 658 1460 2806 
1614 5120 3138 1593 4968 2519 1460 1958 
5120 232 5060 3138 1593 4968 2519 1460 1958 
986 5087 2156 5088 5089 5090 5091 5092 5093 593 5094 4145 5095 4968 
986 5087 2156 5088 5089 5090 5091 5092 5093 593 5094 4145 5095 4968 
2806 1643 1 407 408 2806 5122 
986 5087 2156 5088 5089 5090 5091 5092 5093 593 5094 4145 5095 4968 
3373 738 1241 28 5123 5124 31 2519 3249 
986 5087 2156 5088 5089 5090 5091 5092 5093 593 5094 4145 5095 4968 
986 5087 2156 5088 5089 5090 5091 5092 5093 593 5094 4145 5095 4968 
986 5087 2156 5088 5089 5090 5091 5092 5093 593 5094 4145 5095 4968 
232 1285 3131 2519 5060 4968 5097 5125 735 1086 5126 2116 
986 5087 2156 5088 5089 5090 5091 5092 5093 593 5094 4145 5095 4968 
986 5087 2156 5088 5089 5090 5091 5092 5093 593 5094 4145 5095 4968 
986 5087 2156 5088 5089 5090 5091 5092 5093 593 5094 4145 5095 4968 
986 5087 2156 5088 5089 5090 5091 5092 5093 593 5094 4145 5095 4968 
1432 5127 3040 2519 6 1502 
986 5087 2156 5088 5089 5090 5091 5092 5093 593 5094 4145 5095 4968 
319 36 5128 5129 1475 1085 1121 361 1841 4968 
528 848 2519 5063 4986 26 5130 
5131 2519 936 3384 5132 5133 5134 284 
986 5087 2156 5088 5089 5090 5091 5092 5093 593 5094 4145 5095 4968 
986 5087 2156 5088 5089 5090 5091 5092 5093 593 5094 4145 5095 4968 
1729 8 2519 5002 5140 5060 2851 5141 542 5142 
986 5087 2156 5088 5089 5090 5091 5092 5093 593 5094 4145 5095 4968 
986 5087 2156 5088 5089 5090 5091 5092 5093 593 5094 4145 5095 4968 
986 5087 2156 5088 5089 5090 5091 5092 5093 593 5094 4145 5095 4968 
377 945 2806 8 136 222 1425 2841 2842 2843 2844 450 1179 
2620 945 2806 8 136 222 1425 2841 2842 2843 2844 450 
377 945 2806 8 136 222 1425 2837 2838 28 2839 2840 2845 
377 945 2806 8 136 222 1425 2841 2842 2843 2844 450 2846 2847 
377 945 2806 8 136 222 1425 2837 2838 28 2839 2840 2845 
2620 945 2806 8 136 222 1425 2841 2842 2843 2844 450 2846 2847 
2620 945 2806 8 136 222 1425 2837 2838 28 2839 2840 2845 
986 5087 2156 5088 5089 5090 5091 5092 5093 593 5094 4145 5095 4968 
986 5087 2156 5088 5089 5090 5091 5092 5093 593 5094 4145 5095 4968 
1674 1451 280 711 2806 5143 
2620 945 2806 8 136 222 1425 2841 2842 2843 2844 450 2846 2847 
2620 945 2806 8 136 222 1425 2837 2838 28 2839 2840 2845 
617 719 2806 9 5144 5145 542 5146 
5147 5148 5149 188 3758 139 593 4145 5095 5150 5094 4968 
986 5087 2156 5088 5089 5090 5091 5092 5093 593 5094 4145 5095 4968 
5151 2989 2418 1471 153 1 232 1753 5152 593 155 4968 
36 5153 5154 36 5155 221 1325 2519 1705 221 1916 
36 5153 5154 36 5155 221 1325 2519 1705 221 1916 
5147 5148 5149 188 3758 139 593 4145 5095 5150 5094 4968 
2148 251 887 1551 970 3097 545 2519 5156 
265 5157 123 951 3570 5158 3396 2519 6 
986 5087 2156 5088 5089 5090 5091 5092 5093 593 5094 4145 5095 4968 
2519 5159 288 568 545 1325 2519 178 5160 545 
3882 5161 4982 232 2519 
1089 2519 1543 5162 4968 5163 5164 1440 3245 737 118 81 
5147 5148 5149 188 3758 139 593 4145 5095 5150 5094 4968 
986 5087 2156 5088 5089 5090 5091 5092 5093 593 5094 4145 5095 4968 
986 5087 2156 5088 5089 5090 5091 5092 5093 593 5094 4145 5095 4968 
5147 5148 5149 188 3758 139 593 4145 5095 5150 5094 4968 
243 1424 1418 1472 251 209 3097 1805 336 2519 5156 
986 5087 2156 5088 5089 5090 5091 5092 5093 593 5094 4145 5095 4968 
5147 5148 5149 188 3758 139 593 4145 5095 5150 5094 4968 
5147 5148 5149 188 3758 139 593 4145 5095 5150 5094 4968 
187 31 5165 5166 5167 1768 2163 5168 1063 4968 
986 5087 2156 5088 5089 5090 5091 5092 5093 593 5094 4145 5095 4968 
5147 5148 5149 188 3758 139 593 4145 5095 5150 5094 4968 
4968 5169 4990 5169 4968 617 232 5169 2519 836 
986 5087 2156 5088 5089 5090 5091 5092 5093 593 5094 4145 5095 4968 
5147 5148 5149 188 3758 139 593 4145 5095 5150 5094 4968 
2023 2519 5159 288 568 5170 178 
986 5087 2156 5088 5089 5090 5091 5092 5093 593 5094 4145 5095 4968 
986 5087 2156 5088 5089 5090 5091 5092 5093 593 5094 4145 5095 4968 
5147 5148 5149 188 3758 139 593 4145 5095 5150 5094 4968 
5171 5172 1741 5173 139 2519 2300 4982 217 
986 5087 2156 5088 5089 5090 5091 5092 5093 593 5094 4145 5095 4968 
5147 5148 5149 188 3758 139 593 4145 5095 5150 5094 4968 
232 619 5174 563 2148 5175 1604 3624 5176 4968 
986 5087 2156 5088 5089 5090 5091 5092 5093 593 5094 4145 5095 4968 
986 5087 2156 5088 5089 5090 5091 5092 5093 593 5094 4145 5095 4968 
5147 5148 5149 188 3758 139 593 4145 5095 5150 5094 4968 
829 760 5177 1374 472 970 198 2345 1842 2519 148 168 
986 5087 2156 5088 5089 5090 5091 5092 5093 593 5094 4145 5095 4968 
5147 5148 5149 188 3758 139 593 4145 5095 5150 5094 4968 
5147 5148 5149 188 3758 139 593 4145 5095 5150 5094 4968 
5147 5148 5149 188 3758 139 593 4145 5095 5150 5094 4968 
986 5087 2156 5088 5089 5090 5091 5092 5093 593 5094 4145 5095 4968 
986 5087 2156 5088 5089 5090 5091 5092 5093 593 5094 4145 5095 4968 
5147 5148 5149 188 3758 139 593 4145 5095 5150 5094 4968 
1344 28 5178 2077 2519 
986 5087 2156 5088 5089 5090 5091 5092 5093 593 5094 4145 5095 4968 
2519 5179 5180 263 168 102 5139 
5147 5148 5149 188 3758 139 593 4145 5095 5150 5094 4968 
3893 365 4982 7 1460 2519 4986 5181 376 
553 4968 5182 
5147 5148 5149 188 3758 139 593 4145 5095 5150 5094 4968 
986 5087 2156 5088 5089 5090 5091 5092 5093 593 5094 4145 5095 4968 
5183 5184 563 1585 2357 2784 2784 828 4968 
1560 1585 5185 3814 1109 4968 
5147 5148 5149 188 3758 139 593 4145 5095 5150 5094 4968 
221 1325 2519 178 1472 328 233 
522 75 1031 2519 6 
986 5087 2156 5088 5089 5090 5091 5092 5093 593 5094 4145 5095 4968 
5147 5148 5149 188 3758 139 593 4145 5095 5150 5094 4968 
5147 5148 5149 188 3758 139 593 4145 5095 5150 5094 4968 
2519 5188 5189 7 57 2521 27 5190 5191 5192 591 5193 
36 286 2519 251 206 224 6 
36 286 2519 251 206 224 6 
2102 9 1521 5194 168 6 3637 3256 2519 
986 5087 2156 5088 5089 5090 5091 5092 5093 593 5094 4145 5095 4968 
986 5087 2156 5088 5089 5090 5091 5092 5093 593 5094 4145 5095 4968 
5147 5148 5149 188 3758 139 593 4145 5095 5150 5094 4968 
5147 5148 5149 188 3758 139 593 4145 5095 5150 5094 4968 
986 5087 2156 5088 5089 5090 5091 5092 5093 593 5094 4145 5095 4968 
5147 5148 5149 188 3758 139 593 4145 5095 5150 5094 4968 
2519 251 206 224 2371 36 168 52 
2519 251 206 224 2371 36 168 52 
986 5087 2156 5088 5089 5090 5091 5092 5093 593 5094 4145 5095 4968 
781 4968 334 12 618 26 781 5195 
2519 84 514 369 711 5196 5197 5198 251 
2423 2424 289 635 2518 2519 6 5199 
5147 5148 5149 188 3758 139 593 4145 5095 5150 5094 4968 
1560 1585 5185 3814 1109 4968 
986 5087 2156 5088 5089 5090 5091 5092 5093 593 5094 4145 5095 4968 
986 5087 2156 5088 5089 5090 5091 5092 5093 593 5094 4145 5095 4968 
5147 5148 5149 188 3758 139 593 4145 5095 5150 5094 4968 
986 5087 2156 5088 5089 5090 5091 5092 5093 593 5094 4145 5095 4968 
5147 5148 5149 188 3758 139 593 4145 5095 5150 5094 4968 
625 614 5200 518 655 1451 166 5201 1543 2238 2806 
986 5087 2156 5088 5089 5090 5091 5092 5093 593 5094 4145 5095 4968 
5147 5148 5149 188 3758 139 593 4145 5095 5150 5094 4968 
986 5087 2156 5088 5089 5090 5091 5092 5093 593 5094 4145 5095 4968 
5147 5148 5149 188 3758 139 593 4145 5095 5150 5094 4968 
986 5087 2156 5088 5089 5090 5091 5092 5093 593 5094 4145 5095 4968 
5147 5148 5149 188 3758 139 593 4145 5095 5150 5094 4968 
2519 4968 1768 5202 
5147 5148 5149 188 3758 139 593 4145 5095 5150 5094 4968 
986 5087 2156 5088 5089 5090 5091 5092 5093 593 5094 4145 5095 4968 
5147 5148 5149 188 3758 139 593 4145 5095 5150 5094 4968 
986 5087 2156 5088 5089 5090 5091 5092 5093 593 5094 4145 5095 4968 
5203 5204 3576 585 4968 3576 232 1414 685 
5203 5204 3576 585 4968 3576 232 5205 
5169 1805 4968 5206 232 952 836 4968 5169 1805 2519 
2519 5207 236 476 303 5202 5208 5209 5210 
2519 5207 236 476 303 5202 5208 5211 
27 5212 5213 4217 1172 5214 5215 5216 4968 
986 5087 2156 5088 5089 5090 5091 5092 5093 593 5094 4145 5095 4968 
5147 5148 5149 188 3758 139 593 4145 5095 5150 5094 4968 
767 3134 2077 286 1089 5217 2519 5063 818 
986 5087 2156 5088 5089 5090 5091 5092 5093 593 5094 4145 5095 4968 
5147 5148 5149 188 3758 139 593 4145 5095 5150 5094 4968 
986 5087 2156 5088 5089 5090 5091 5092 5093 593 5094 4145 5095 4968 
5147 5148 5149 188 3758 139 593 4145 5095 5150 5094 4968 
5218 5219 369 195 5220 4880 5221 367 754 2300 5222 2519 
5223 5224 5225 5226 4968 2806 1723 5227 5228 5229 5230 
986 5087 2156 5088 5089 5090 5091 5092 5093 593 5094 4145 5095 4968 
699 526 2163 5231 2519 5232 
1936 1813 3018 2806 2238 5233 5209 303 
1936 1813 3018 2806 2238 5233 5209 303 
699 526 2163 5231 2519 5232 
5147 5148 5149 188 3758 139 593 4145 5095 5150 5094 4968 
174 139 4614 2519 2418 211 66 5234 
174 139 4614 2519 2418 211 66 5234 
174 139 4614 2519 2418 211 66 5234 
174 139 4614 2519 2418 211 66 5234 
174 139 4614 2519 2418 211 66 5234 
3344 6 8 2519 280 3598 
3344 6 8 2519 280 3598 
3344 6 8 2519 280 5235 
1 224 231 986 168 2519 2682 5236 2371 36 
168 1325 2519 5237 3689 1019 632 5238 
168 1325 2519 5237 3689 1019 632 5238 
701 761 1474 14 224 1472 3097 168 
168 1325 2519 5237 3689 1019 632 5238 
5147 5148 5149 188 3758 139 593 4145 5095 5150 5094 4968 
3189 5239 5240 1402 233 2519 1805 336 1916 130 8 5241 1841 5242 
3189 5239 5240 1402 233 2519 1805 336 1916 130 8 5241 1841 5242 
986 5087 2156 5088 5089 5090 5091 5092 5093 593 5094 4145 5095 4968 
5147 5148 5149 188 3758 139 593 4145 5095 5150 5094 4968 
986 5087 2156 5088 5089 5090 5091 5092 5093 593 5094 4145 5095 4968 
5147 5148 5149 188 3758 139 593 4145 5095 5150 5094 4968 
868 2519 5243 6 2519 3732 
5244 6 2519 5245 5246 263 
168 680 290 1585 1019 397 2519 1754 1469 5247 168 680 1019 2939 
2519 6 5179 5180 263 168 102 5248 
2953 750 5251 389 36 1805 2519 5002 792 
2519 6 5179 5180 263 168 102 5248 
986 5087 2156 5088 5089 5090 5091 5092 5093 593 5094 4145 5095 4968 
7 1727 168 1325 5252 218 
1674 1451 280 711 1611 2806 5253 1610 50 
5147 5148 5149 188 3758 139 593 4145 5095 5150 5094 4968 
1081 711 1303 5127 965 5254 5255 2519 4986 2356 
986 5087 2156 5088 5089 5090 5091 5092 5093 593 5094 4145 5095 4968 
5147 5148 5149 188 3758 139 593 4145 5095 5150 5094 4968 
165 1285 66 2519 4982 965 5256 
986 5087 2156 5088 5089 5090 5091 5092 5093 593 5094 4145 5095 4968 
5147 5148 5149 188 3758 139 593 4145 5095 5150 5094 4968 
986 5087 2156 5088 5089 5090 5091 5092 5093 593 5094 4145 5095 4968 
5147 5148 5149 188 3758 139 593 4145 5095 5150 5094 4968 
446 168 3097 3629 3689 6 5160 5257 
4968 197 104 1529 2698 
5147 5148 5149 188 3758 139 593 4145 5095 5150 5094 4968 
986 5087 2156 5088 5089 5090 5091 5092 5093 593 5094 4145 5095 4968 
5258 5259 5219 1473 247 5260 238 1918 5261 4905 2300 5222 2519 5218 754 
5147 5148 5149 188 3758 139 593 4145 5095 5150 5094 4968 
986 5087 2156 5088 5089 5090 5091 5092 5093 593 5094 4145 5095 4968 
5147 5148 5149 188 3758 139 593 4145 5095 5150 5094 4968 
986 5087 2156 5088 5089 5090 5091 5092 5093 593 5094 4145 5095 4968 
5147 5148 5149 188 3758 139 593 4145 5095 5150 5094 4968 
986 5087 2156 5088 5089 5090 5091 5092 5093 593 5094 4145 5095 4968 
88 1964 5262 168 1325 2519 2973 6 2972 3504 
5263 66 536 5264 168 3245 1325 2519 5262 
168 5265 2721 2519 4982 1325 2519 3629 3630 
2519 6 3700 206 9 3701 2980 475 5262 
109 168 1325 2519 3629 1755 1 1627 6 168 2519 5262 
1019 5266 1415 1031 5267 2519 6 1370 534 5268 
1019 5266 1415 1031 5267 2519 6 1370 534 475 5269 
1019 5266 1415 1031 5267 2519 6 1370 534 475 5269 
1019 5266 1415 1031 5267 2519 6 1370 534 475 5269 
5147 5148 5149 188 3758 139 593 4145 5095 5150 5094 4968 
986 5087 2156 5088 5089 5090 5091 5092 5093 593 5094 4145 5095 4968 
3938 4696 1247 5270 5271 2519 6 1665 
5147 5148 5149 188 3758 139 593 4145 5095 5150 5094 4968 
986 5087 2156 5088 5089 5090 5091 5092 5093 593 5094 4145 5095 4968 
5272 242 1 4968 5002 36 286 
5272 242 1 4968 5002 36 286 
5272 242 1 4968 5002 36 286 
5147 5148 5149 188 3758 139 593 4145 5095 5150 5094 4968 
168 2519 5273 231 1 6 218 3101 
174 139 4614 2519 2418 211 5274 
986 5087 2156 5088 5089 5090 5091 5092 5093 593 5094 4145 5095 4968 
174 139 4614 2519 2418 211 5274 
174 139 4614 2519 2418 211 5274 
1472 5275 3831 407 408 2455 2519 
5147 5148 5149 188 3758 139 593 4145 5095 5150 5094 4968 
174 139 4614 2519 2418 211 5274 
5276 174 410 185 5277 2519 
5276 174 410 185 5277 2519 
986 5087 2156 5088 5089 5090 5091 5092 5093 593 5094 4145 5095 4968 
168 2519 3918 1755 1 224 5278 6 
5147 5148 5149 188 3758 139 593 4145 5095 5150 5094 4968 
2871 5279 4471 5280 2214 2519 1460 5281 5282 1440 
168 1325 2519 242 1 6 165 
174 139 4614 2519 2418 211 5274 
986 5087 2156 5088 5089 5090 5091 5092 5093 593 5094 4145 5095 4968 
174 139 4614 2519 2418 211 5274 
5147 5148 5149 188 3758 139 593 4145 5095 5150 5094 4968 
986 5087 2156 5088 5089 5090 5091 5092 5093 593 5094 4145 5095 4968 
5147 5148 5149 188 3758 139 593 4145 5095 5150 5094 4968 
5283 1916 2519 3814 1704 9 5284 3652 
986 5087 2156 5088 5089 5090 5091 5092 5093 593 5094 4145 5095 4968 
168 178 5060 5097 5002 231 1 1627 6 1490 
5147 5148 5149 188 3758 139 593 4145 5095 5150 5094 4968 
986 5087 2156 5088 5089 5090 5091 5092 5093 593 5094 4145 5095 4968 
165 1285 66 2519 4982 965 5256 
5147 5148 5149 188 3758 139 593 4145 5095 5150 5094 4968 
1472 5275 3831 407 408 2455 2519 
986 5087 2156 5088 5089 5090 5091 5092 5093 593 5094 4145 5095 4968 
5147 5148 5149 188 3758 139 593 4145 5095 5150 5094 4968 
5285 809 5220 790 6 2519 5162 1469 3256 
1109 781 4968 2519 232 92 
5286 5287 130 2420 3173 1469 2519 168 5288 6 8 
5286 5287 130 2420 3173 1469 2519 168 5288 6 8 
5147 5148 5149 188 3758 139 593 4145 5095 5150 5094 4968 
986 5087 2156 5088 5089 5090 5091 5092 5093 593 5094 4145 5095 4968 
5147 5148 5149 188 3758 139 593 4145 5095 5150 5094 4968 
503 647 3573 104 130 2420 2519 132 168 
503 647 3573 104 130 2420 2519 132 168 
986 5087 2156 5088 5089 5090 5091 5092 5093 593 5094 4145 5095 4968 
168 1325 2519 2973 6 2972 3504 1391 
5147 5148 5149 188 3758 139 593 4145 5095 5150 5094 4968 
1031 2519 6 929 1019 1391 
1031 2519 6 929 1019 
5289 2959 5290 5291 2519 5292 5293 4851 1101 
189 2959 4851 5294 5295 5296 5297 5298 2519 
2519 4851 5299 5300 5301 2959 
5289 2959 5290 5291 2519 5292 5293 4851 1101 
5289 2959 5290 5291 2519 5292 5293 4851 1101 
109 168 1325 2519 3629 1755 1 1627 6 168 2519 211 
109 168 1325 2519 3629 1755 1 1627 6 168 2519 
109 168 1325 2519 3629 1755 1 1627 6 168 2519 
986 5087 2156 5088 5089 5090 5091 5092 5093 593 5094 4145 5095 4968 
5147 5148 5149 188 3758 139 593 4145 5095 5150 5094 4968 
189 2959 4851 5294 5295 5296 5297 5298 2519 
2519 6 3700 206 9 3701 2980 475 1391 
2519 6 3700 206 9 3701 2980 475 1391 
5283 1916 2519 3814 1704 9 5284 3652 
5302 238 5303 2519 1031 251 321 
5302 238 5303 2519 1031 251 321 
5302 238 5303 2519 1031 251 321 
1418 251 290 1086 5023 5304 5305 5306 2519 6 
2519 4851 330 3952 3436 496 
986 5087 2156 5088 5089 5090 5091 5092 5093 593 5094 4145 5095 4968 
5147 5148 5149 188 3758 139 593 4145 5095 5150 5094 4968 
4851 2519 5307 579 
5147 5148 5149 188 3758 139 593 4145 5095 5150 5094 4968 
853 1180 1986 4632 1754 321 5308 2797 2519 2806 
5286 5287 130 2420 3173 1469 2519 168 5288 6 8 
5218 2300 5222 2519 754 700 4067 723 5309 2300 1460 4905 5310 
986 5087 2156 5088 5089 5090 5091 5092 5093 593 5094 4145 5095 4968 
109 168 1325 2519 231 1 1627 5311 5312 
5147 5148 5149 188 3758 139 593 4145 5095 5150 5094 4968 
168 2519 3629 3689 165 2559 
617 3449 681 2559 790 635 2518 2519 6 3040 542 
168 2519 3629 3689 165 2559 
635 2518 2519 3040 2559 681 1361 
168 2519 3629 3689 165 2559 
168 2519 3629 3689 165 2559 
635 2518 2519 6 2559 5157 
3344 6 8 2519 5313 73 241 3040 2559 
3344 6 8 2519 5313 73 241 3040 2559 
2300 5314 2519 3505 5315 5316 195 
986 5087 2156 5088 5089 5090 5091 5092 5093 593 5094 4145 5095 4968 
168 2519 3629 3689 6 165 2559 
263 102 411 1813 2577 2519 6 165 2559 
4009 6 7 610 3040 2559 1031 2519 
4009 6 7 610 3040 2559 1031 2519 
4009 6 7 610 3040 2559 1031 2519 
5147 5148 5149 188 3758 139 593 4145 5095 5150 5094 4968 
986 5087 2156 5088 5089 5090 5091 5092 5093 593 5094 4145 5095 4968 
617 3449 681 2559 790 635 2518 2519 6 3040 542 
263 102 411 1813 2577 2519 6 617 2559 
5317 5318 3058 2519 168 1109 6 3672 
1487 624 336 178 2519 
4009 6 7 610 3040 2559 1031 2519 
438 1001 2559 2519 6 
168 2519 3629 3689 6 165 2559 
635 2518 2519 6 3040 2559 681 1361 
168 2519 3629 3689 6 165 2559 
273 2559 635 2518 2519 1329 5319 5320 
4009 6 7 610 3040 2559 1031 2519 
269 5321 32 32 5322 1278 2519 2158 6 232 
5147 5148 5149 188 3758 139 593 4145 5095 5150 5094 4968 
1487 624 336 178 2519 
2519 4851 5299 5300 5301 2959 
635 2518 2519 6 3040 2559 640 
4009 6 7 610 3040 2559 1031 2519 
617 635 2518 2519 2559 3449 681 3040 
681 2775 2559 2519 635 2518 917 
273 2559 635 2518 2519 1329 5319 5320 
3173 1428 3040 2559 640 5323 689 635 2518 2519 
986 5087 2156 5088 5089 5090 5091 5092 5093 593 5094 4145 5095 4968 
1668 3678 2519 175 5324 1421 3098 
1668 3678 2519 175 5324 1421 3098 
5183 1439 9 3 237 3614 251 5099 188 2519 3098 
5183 1439 9 3 237 3614 251 5099 188 2519 3098 
5183 1439 9 3 237 3614 251 5099 188 2519 3098 
175 1654 2519 148 5325 1585 5326 5327 
1424 168 1325 2519 243 3 682 175 
5302 238 5303 2519 1031 251 321 
5302 238 5303 2519 1031 251 321 
1285 689 3527 2783 41 5302 36 277 2519 976 321 
2519 4851 5299 5300 5301 2959 
1285 689 3527 2783 41 5302 36 277 2519 976 321 
168 2519 3629 3689 6 165 2559 
617 2519 6 2559 1361 681 1614 
617 2519 6 2559 1361 681 1614 
5313 2371 370 168 3322 6 3097 3098 
280 5329 370 168 3322 6 3097 3098 
3256 2519 321 553 632 1704 3098 6 2519 
5330 9 6 2519 168 3098 2559 
5330 9 6 2519 168 3098 2559 
8 3928 3929 1841 2401 3097 168 3098 2519 6 
1913 9 6 2519 168 3098 
682 2519 5284 5332 955 3790 6 36 3620 5333 
682 2519 5284 5332 955 3790 6 36 3620 3098 
752 5334 5335 685 3098 2559 6 2519 
3183 2759 5336 725 6 1649 965 3929 2519 3098 2559 
3183 2759 5336 725 6 1649 965 3929 2519 3098 2559 
3183 2759 5336 725 6 1649 965 3929 2519 3098 2559 
5183 2519 1476 2102 3098 
868 5337 2577 2519 887 5183 5338 6 887 5183 3096 2363 5339 
868 5337 2577 2519 887 5183 5338 6 887 5183 3096 2363 3098 168 
5183 2519 1476 2102 3098 
3096 111 198 2519 6 1686 750 5243 1832 2363 5340 
3096 111 198 2519 6 1686 750 5243 1832 2363 3098 
5183 2102 868 5337 2577 2519 5183 5338 6 3098 
5183 2519 1476 2102 3098 
1285 689 3527 2783 41 5302 36 277 2519 976 321 
5147 5148 5149 188 3758 139 593 4145 5095 5150 5094 4968 
1285 689 3527 2783 41 5302 36 277 2519 976 321 
1285 689 3527 2783 41 5302 36 277 2519 976 321 
1407 2519 251 175 328 378 168 6 1681 
3871 2559 635 2518 6 2519 4982 
3871 2559 635 2518 6 2519 4982 
622 2519 404 579 2424 2519 84 
986 5087 2156 5088 5089 5090 5091 5092 5093 593 5094 4145 5095 4968 
5341 3644 263 168 102 1614 2519 1665 6 5342 
5341 3644 263 168 102 1614 2519 1665 6 5342 
5341 3644 263 168 102 1614 2519 1665 6 5342 
317 168 2519 8 104 3062 
5147 5148 5149 188 3758 139 593 4145 5095 5150 5094 4968 
243 233 2519 243 1 5307 1671 1672 168 5343 3661 
243 233 2519 243 1 5307 1671 1672 168 5343 
807 2363 6 1686 5250 2519 5344 280 4002 
168 1325 2519 549 3689 6 286 2559 5345 
168 1325 2519 549 3689 6 
5218 2300 5222 2519 754 700 4067 723 5309 2300 1460 4905 
986 5087 2156 5088 5089 5090 5091 5092 5093 593 5094 4145 5095 4968 
5346 1916 5347 2519 336 1916 1086 336 5348 4948 1916 1858 265 136 
5341 3644 263 168 102 1614 2519 1665 6 5349 
168 1325 2519 549 3689 6 286 2559 5345 
251 1916 2744 176 2519 5350 336 
251 1916 2744 176 2519 5350 336 
1418 5351 3322 214 176 5352 5353 2519 290 2455 198 5354 
5147 5148 5149 188 3758 139 593 4145 5095 5150 5094 4968 
5250 8 5313 2519 6 263 102 5 1813 286 
5250 8 5313 2519 6 263 102 5 1813 286 
768 104 5355 5240 5244 956 2519 6 5356 5357 5358 
88 168 1325 2519 3080 682 6 8 
88 168 1325 2519 3080 682 6 8 
88 168 1325 2519 3080 682 6 8 
986 265 8 2960 168 2519 5362 
168 1325 2519 986 512 1755 1 1627 2597 
5147 5148 5149 188 3758 139 593 4145 5095 5150 5094 4968 
88 168 1325 2519 682 6 8 2597 
335 1604 5370 3814 
335 1604 5370 3814 
88 168 1325 2519 3080 682 8 
168 1325 2519 986 512 1755 1 1627 2597 
88 168 1325 2519 3080 682 6 8 
88 168 1325 2519 3080 682 6 8 
168 1325 2519 3629 3689 6 
168 1325 2519 986 512 1755 1 1627 2597 
1424 1916 1916 1842 2519 168 5371 1524 3256 
1424 1916 1916 1842 2519 168 5371 1524 3256 
174 139 4614 2519 2418 211 5274 139 66 
5317 5318 3058 2519 168 1109 6 3672 
5317 5318 3058 2519 168 1109 6 3672 
5317 5318 3058 2519 168 1109 6 3672 
2682 1353 682 8 321 3097 168 
232 5372 5373 4968 5002 5060 2698 5374 4435 5375 
986 5087 2156 5088 5089 5090 5091 5092 5093 593 5094 4145 5095 4968 
5376 970 2519 168 5377 251 
5376 970 2519 168 5377 251 
5286 5287 130 2420 3173 1469 2519 168 5288 6 8 
5286 5287 130 2420 3173 1469 2519 168 5288 6 8 
5147 5148 5149 188 3758 139 593 4145 5095 5150 5094 4968 
625 711 68 2806 1543 4539 2852 2519 4435 
5378 232 132 669 761 936 1408 4866 5379 625 2519 
711 68 2806 1543 66 
711 68 2806 1543 66 
5380 2519 562 562 5381 2883 5042 1614 
5147 5148 5149 188 3758 139 593 4145 5095 5150 5094 4968 
5346 1916 5347 2519 336 1916 1086 336 5348 4948 1916 1858 265 136 
986 5087 2156 5088 5089 5090 5091 5092 5093 593 5094 4145 5095 4968 
5147 5148 5149 188 3758 139 593 4145 5095 5150 5094 4968 
251 1916 2744 176 2519 5350 336 
986 5087 2156 5088 5089 5090 5091 5092 5093 593 5094 4145 5095 4968 
5382 1806 2418 4968 
335 1604 5370 3814 
5147 5148 5149 188 3758 139 593 4145 5095 5150 5094 4968 
986 5087 2156 5088 5089 5090 5091 5092 5093 593 5094 4145 5095 4968 
545 1325 4968 1901 1729 4968 5383 
5183 5384 66 3929 5385 8 2519 132 1278 
9 321 5243 2023 476 5386 2519 6 
1424 1916 1916 1842 2519 168 5371 1524 3256 
374 2519 5180 5387 5388 5250 2747 2615 168 5389 
374 2519 5180 5387 5388 5250 2747 2615 168 5389 
5147 5148 5149 188 3758 139 593 4145 5095 5150 5094 4968 
374 2519 5180 5387 5388 5250 2747 2615 168 5389 
374 2519 5180 5387 5388 5250 2747 2615 168 5389 
168 1325 2519 3629 3689 6 
5390 5243 5391 6 2519 
12 701 97 5392 5393 2835 6 2519 
12 701 97 5392 5393 2835 6 2519 
986 5087 2156 5088 5089 5090 5091 5092 5093 593 5094 4145 5095 4968 
374 2519 5180 5387 5388 5250 2747 2615 168 5389 
374 2519 5180 5387 5388 5250 2747 2615 168 5389 
5394 5395 5396 5397 725 2519 923 5398 
5394 5395 545 2519 220 5399 84 5400 676 5398 
711 68 2806 1543 4986 2853 2851 2115 
6 8 5401 1524 3256 2519 5402 5403 5023 5404 
6 8 5401 1524 3256 2519 5402 5403 5023 5404 
6 8 5401 1524 3256 2519 5402 5403 5023 5404 
6 8 5401 1524 3256 2519 5402 5403 5023 5404 
12 639 701 5405 2519 6 280 12 5406 
12 639 701 5405 2519 6 280 12 5406 
1625 1031 2519 6 5407 
564 485 31 5243 6 2519 1521 
8 1073 3097 168 3637 3256 
564 485 31 5243 6 2519 1521 
1448 679 638 5398 6 8 168 1325 2519 
168 1325 2519 1373 410 2973 6 2519 5408 
168 1325 2519 1373 410 2973 6 2519 5409 
5410 5411 4723 2135 5412 84 1593 2519 1543 
251 176 2519 168 5284 5413 
2519 175 1 5414 669 1488 8 9 321 
2584 936 2549 2836 2210 2914 2519 168 1399 1579 
2584 936 2549 2836 2210 2914 2519 168 1399 1579 
5415 5416 5417 4258 4991 136 2519 17 
5410 5411 4723 2135 5412 2519 5201 
168 1325 2519 3629 3689 6 
251 1916 2744 176 2519 5350 336 
6 8 5401 1524 3256 2519 5402 5403 5023 5404 
6 8 5401 1524 3256 2519 5402 5403 5023 5404 
6 8 5401 1524 3256 2519 5402 5403 5023 5404 
6 8 5401 1524 3256 2519 5402 5403 5023 5404 
1418 5351 3322 214 176 5352 5353 2519 290 2455 198 5354 
411 2116 3509 2519 5418 66 195 5419 168 2582 
2299 545 2519 2371 286 1983 6 
2299 545 2519 2371 286 1983 
233 2519 148 168 5420 2371 122 104 579 1983 
3935 249 5421 5422 6 2023 224 378 168 1704 5273 231 5370 168 
3935 249 5421 5422 395 2371 36 2519 5423 1 224 6 
2584 936 2549 2836 2210 2914 2519 168 1399 1579 
2584 936 2549 2836 2210 2914 2519 168 1399 1579 
2559 1916 1842 2519 5424 504 796 598 5425 5157 
2559 1916 1842 2519 5424 504 796 598 5425 5157 
2959 6 8 1073 168 2519 1307 
2959 6 8 1073 168 2519 1307 
2959 6 8 1073 168 2519 1307 
2959 6 8 1073 168 2519 1307 
5415 5416 5417 4258 4991 136 2519 17 
5415 5416 5417 4258 4991 136 2519 17 
2959 6 8 1073 168 2519 1307 
2959 6 8 1073 168 2519 1307 
2959 6 8 1073 168 2519 1307 
2449 5127 5426 5304 2805 986 6 1825 168 1325 2519 5427 
2449 5127 5426 5304 2805 986 6 1825 168 1325 2519 5427 
251 176 2519 168 5284 5413 
5147 5148 5149 188 3758 139 593 4145 5095 5150 5094 4968 
5147 5148 5149 188 3758 139 593 4145 5095 5150 5094 4968 
986 5087 2156 5088 5089 5090 5091 5092 5093 593 5094 4145 5095 4968 
6 8 2893 5428 168 1325 2519 1 5429 2747 
6 8 2893 5428 168 1325 2519 1 5429 2747 
5430 5060 5097 4968 2519 2810 5431 564 
5430 5060 5097 4968 2519 2810 5431 564 
6 2299 545 2519 2371 286 1983 
2559 1916 1842 2519 5424 504 796 598 5425 5157 
2559 1916 1842 2519 5424 504 796 598 5425 5157 
2429 1272 5432 5433 625 1019 2371 5434 323 2519 
2429 1272 5432 5433 625 1019 2371 5434 323 2519 
542 3912 3317 5432 5435 5436 4698 5436 5437 4185 493 5434 6 2519 5438 
3912 5432 5439 5440 2371 534 3887 6 2519 
2429 1272 5432 5433 625 1019 2371 5434 323 2519 
3912 1272 5432 835 5442 1608 2371 2682 976 2519 
3912 1272 5432 835 5442 1608 2371 2682 976 2519 
3912 1272 5432 835 5442 1608 2371 2682 976 2519 
3368 5391 1947 174 5443 2519 6 
3368 5391 1947 174 5443 2519 6 
5391 123 1652 2196 168 6 2519 756 3165 
5391 123 1652 2196 168 6 2519 756 3165 
3368 5391 1947 174 5443 2519 6 
3097 168 549 3689 
3097 168 549 3689 
2429 1272 5432 5433 625 1019 2371 5434 323 2519 
2429 1272 5432 5433 625 1019 2371 5434 323 2519 
5391 123 1652 2196 168 6 2519 756 3165 
3097 168 549 3689 
6 8 5401 1524 3256 2519 5402 5403 5023 5404 
3097 168 549 3689 
5432 152 419 2666 3256 323 185 2519 6 5444 
5445 5203 2429 263 5444 5446 2519 6 
5432 152 419 2666 3256 323 185 2519 6 5444 
5432 152 419 2666 3256 323 185 2519 6 5444 
5376 970 2519 168 5377 251 
617 744 986 768 5447 5448 1901 66 5449 5450 2806 5451 
2559 1916 1842 2519 5424 504 796 598 5425 5157 
2559 1916 1842 2519 5424 504 796 598 5425 5157 
12 579 6 2519 5434 
5432 653 323 2519 2704 6 5452 5434 2371 
5432 653 323 2519 2704 6 5452 5434 2371 
617 744 986 768 5447 5448 1901 66 5449 5450 2806 5451 
1780 5257 5453 153 1447 8 2960 2519 168 3672 
1780 5257 5453 153 1447 8 2960 2519 168 3672 
168 1325 2519 5454 5455 549 2148 176 3689 
1393 377 6 3928 3929 2519 
999 1460 237 2519 
2418 1841 1388 4968 781 848 2418 5456 5457 4968 
5458 5459 8 5460 168 2519 6 5461 5462 5463 5464 3939 5465 
1388 6 5466 534 3256 5467 2519 52 
1388 6 5466 534 3256 5467 2519 52 
976 66 3814 2519 4982 165 5256 
976 66 3814 2519 4982 165 5256 
6 8 2893 5428 168 1325 2519 1 5429 2747 
6 8 2893 5428 168 1325 2519 1 5429 2747 
128 1061 512 2806 4624 5468 2116 192 
128 1061 512 2806 4624 5468 2116 192 
128 1061 512 2806 4624 5468 2116 192 
128 1061 512 2806 4624 5468 2116 192 
128 1061 512 2806 4624 5468 2116 192 
128 1061 512 2806 4624 5468 2116 192 
128 1061 512 2806 4624 5468 2116 192 
128 1061 512 2806 4624 5468 2116 192 
128 1061 512 2806 4624 5468 2116 192 
128 1061 512 2806 4624 5468 2116 192 
128 1061 512 2806 4624 5468 2116 192 
128 1061 512 2806 4624 5468 2116 192 
1780 5257 5453 153 1447 8 2960 2519 168 3672 
2728 2023 1671 1753 251 1754 1460 2519 5063 4968 
60 1585 5469 1755 1 1669 139 2519 6 
955 1585 66 165 2519 5470 
243 1748 1787 4487 5471 1916 1552 2519 168 2210 130 132 936 
5472 5279 395 5473 1460 1063 2806 4968 2519 5474 
5472 5279 395 5473 1460 1063 2806 4968 2519 
2323 5472 5279 395 5473 1460 1063 2806 4968 2519 
5472 5279 395 5473 1460 1063 2806 4968 2519 5474 
5472 5279 395 5473 1460 1063 2806 4968 2519 5474 
5472 5279 395 5473 1460 1063 2806 4968 2519 
5472 5279 395 5473 1460 1063 2806 4968 2519 5474 
5472 5279 395 5473 1460 1063 2806 4968 2519 5474 
5472 5279 395 5473 1460 1063 2806 4968 2519 5474 
5472 5279 395 5473 1460 1063 2806 4968 2519 5474 
5472 5279 395 5473 1460 1063 2806 4968 2519 5474 
5472 5279 395 5473 1460 1063 2806 4968 2519 5474 
5472 5279 395 5473 1460 1063 2806 4968 2519 5474 
5472 5279 395 5473 1460 1063 2806 4968 2519 
5472 5279 395 5473 1460 1063 2806 4968 2519 5474 
5472 5279 395 5473 1460 1063 2806 4968 2519 5474 
1472 970 2519 209 168 5475 1524 3256 5476 136 
5477 976 6 2519 4982 
5477 976 6 2519 4982 
2519 1285 168 4898 2201 1 165 5478 
5472 5279 395 5473 1460 1063 2806 4968 2519 5479 
5480 3914 5481 5482 2418 1377 2519 5063 
128 1061 512 2806 4624 5468 2116 192 
5487 2077 1476 5488 2519 663 
3287 5489 5490 5491 5492 1485 5218 5493 4905 2182 5222 2519 2300 4228 
1163 5494 5495 5496 2785 251 5497 2519 5498 
92 2519 1751 5499 251 5500 1681 
92 2519 1751 5499 251 5500 1681 
92 2519 1751 5499 251 5500 1681 
3097 168 5501 242 1 1987 176 6 2519 
2519 1751 5499 251 2779 
243 1748 1787 4487 5471 1916 1552 2519 168 2210 130 132 936 
243 1748 1787 4487 5471 1916 1552 2519 168 2210 130 132 936 
1625 36 2805 545 2519 
1472 970 2519 209 168 5475 1524 3256 5476 136 
2519 168 251 2721 5502 176 
2519 168 251 2721 5502 176 
2519 168 251 2721 5502 176 
5503 134 4019 2418 284 2519 4840 5504 
781 4968 232 92 376 
781 4968 232 92 376 
5218 2150 4799 796 5505 4905 2300 5222 2519 4228 
5218 2150 4799 796 5505 4905 2300 5222 2519 4228 634 
5218 2150 4799 796 5505 4905 2300 5222 2519 4228 634 
5506 5507 5405 1686 2519 5484 1063 2853 820 
2519 168 251 2721 5502 176 
2519 168 251 2721 5502 176 
2519 168 251 2721 5502 176 
3097 168 241 2618 6 9 2424 36 286 
2092 5483 1754 5484 1430 5485 209 1799 5486 168 
5512 4968 5513 2402 2786 2519 5514 5515 2519 168 686 1614 
5512 4968 5513 2402 2786 2519 5514 5515 2519 168 686 1614 
1019 2519 2973 576 1488 
3097 1805 336 243 233 1987 1916 176 5516 3196 
2519 528 175 5517 3733 1987 176 236 
2519 528 175 5517 3733 1987 176 1614 
2519 528 175 5517 3733 1987 176 1614 
2519 528 175 5517 3733 1987 176 1614 
2519 528 175 5517 3733 1987 176 36 3256 
2519 528 175 5517 3733 1987 176 36 3256 
1407 92 2519 1751 5499 251 5500 1681 
243 123 25 4884 4885 4886 4887 2334 1485 4888 4242 761 4889 2519 1469 2161 188 
1407 92 2519 1751 5499 251 5500 1681 
4627 3930 168 3491 5518 188 796 5519 36 5520 5521 2519 1745 
2491 1901 466 2519 5522 2669 
5523 1372 168 1373 2432 6 5519 243 1 1825 378 168 5524 2519 
36 4990 3827 3966 5525 571 2371 5466 3256 2519 6 5524 5526 
5531 5532 5533 2519 36 5534 5519 1425 1579 243 1 176 36 
5531 5532 5533 2519 36 5534 5519 1425 1579 243 1 176 36 
5523 1372 168 1373 2432 6 5519 243 1 1825 378 168 5524 2519 
2491 1901 466 2519 5522 2669 
36 4990 3827 3966 5525 571 2371 5466 3256 2519 6 5524 5526 
4627 3930 168 3491 5518 188 796 5519 36 5520 5521 2519 1745 
243 123 25 4884 4885 4886 4887 2334 1485 4888 4242 761 4889 2519 1469 2161 188 
243 123 25 4884 4885 4886 4887 2334 1485 4888 4242 761 4889 2519 1469 2161 188 
243 123 25 4884 4885 4886 4887 2334 1485 4888 4242 761 4889 2519 1469 2161 188 
5352 1604 5283 5352 176 2519 828 4810 402 
5352 1604 5283 5352 176 2519 828 4810 402 
4897 785 321 4891 2161 2519 25 4884 4731 4893 4242 761 1485 4888 
109 2519 6 218 
109 2519 6 218 
1916 2744 387 2519 3196 8 321 4250 
1916 2744 387 2519 3196 8 321 4250 
5512 4968 5513 2402 2786 2519 5514 5515 2519 168 686 1614 
5512 4968 5513 2402 2786 2519 5514 5515 2519 168 686 1614 
4897 785 321 4891 2161 2519 25 4884 4731 4893 4242 761 1485 4888 
4897 785 321 4891 2161 2519 25 4884 4731 4893 4242 761 1485 4888 
4897 785 321 4891 2161 2519 25 4884 4731 4893 4242 761 1485 4888 
4897 785 321 4891 2161 2519 25 4884 4731 4893 4242 761 1485 4888 4910 4888 
4897 785 321 4891 2161 2519 25 4884 4731 4893 4242 761 1485 4888 4910 4888 
553 669 5537 2514 8 5370 3814 1614 
5538 5539 5540 5541 2519 
5538 5539 5540 5541 2519 
5538 5539 5540 5541 2519 
3020 5542 456 2398 3693 1101 46 579 1086 2519 
5218 754 1582 12 294 2300 5222 4228 2519 1543 5543 
553 669 5537 2514 8 5370 3814 1614 
116 5544 5545 1916 1086 1907 5516 2806 5546 5547 
1424 3694 2228 2519 4568 336 1086 336 
1916 2744 387 2519 3196 8 321 4250 
1916 2744 387 2519 3196 8 321 4250 
5352 1604 5283 5352 176 2519 828 4810 402 
5548 5549 5548 5550 4968 4102 4102 5551 5552 5553 232 5554 
168 1325 2519 3689 251 6 5160 168 
168 1325 2519 3689 251 6 5160 168 
5218 2150 4799 796 5505 4905 2300 5222 2519 4228 5555 188 5556 512 2181 4905 
357 854 4991 5557 136 2519 2026 3196 
357 854 4991 5557 136 2519 2026 3196 
553 4810 5558 402 5243 2519 6 5559 
4810 402 3344 6 2519 66 1521 1686 
3344 6 2519 195 1686 4810 402 
3344 6 2519 195 1686 4810 402 
2519 251 5560 563 1704 3322 
820 5367 5561 534 5364 2519 251 579 
5562 6 8 268 5462 2519 321 1608 5304 
2874 3096 2519 6 5243 868 5236 2349 
12 1624 2023 257 5563 5060 5097 4968 5564 
1424 3694 2228 2519 4568 336 1086 336 
5097 4968 5002 685 5565 262 5566 5567 
357 854 4991 5557 136 2519 2026 3196 
5568 4851 5569 2519 5540 5561 5570 
5571 2853 2806 5572 
5562 6 8 268 5462 2519 321 1608 5304 
5562 6 8 268 5462 2519 321 1608 5304 
3344 6 2519 195 1686 4810 402 
109 2519 5470 
2519 5573 2102 2835 5574 5575 6 
128 1061 512 2806 4624 5468 2116 192 
128 1061 512 2806 4624 5468 2116 192 
128 1061 512 2806 4624 5468 2116 192 
128 1061 512 2806 4624 5468 2116 192 
128 1061 512 2806 4624 5468 2116 192 
128 1061 512 2806 4624 5468 2116 192 
128 1061 512 2806 4624 5468 2116 192 
128 1061 512 2806 4624 5468 2116 192 
128 1061 512 2806 4624 5468 2116 192 
128 1061 512 2806 4624 5468 2116 192 
128 1061 512 2806 4624 5468 2116 192 
128 1061 512 2806 4624 5468 2116 192 
128 1061 512 2806 4624 5468 2116 192 
1873 232 1469 2519 66 
128 1061 512 2806 4624 5468 2116 192 
128 1061 512 2806 4624 5468 2116 192 
128 1061 512 2806 4624 5468 2116 192 
128 1061 512 2806 4624 5468 2116 192 
128 1061 512 2806 4624 5468 2116 192 
128 1061 512 2806 4624 5468 2116 192 
5568 4851 5569 2519 5540 5561 5570 
128 1061 512 2806 4624 5468 2116 192 
128 1061 512 2806 4624 5468 2116 192 
128 1061 512 2806 4624 5468 2116 192 
128 1061 512 2806 4624 5468 2116 192 
128 1061 512 2806 4624 5468 2116 192 
128 1061 512 2806 4624 5468 2116 192 
626 5576 367 1278 4228 2519 5063 
128 1061 512 2806 4624 5468 2116 192 
128 1061 512 2806 4624 5468 2116 192 
128 1061 512 2806 4624 5468 2116 192 
128 1061 512 2806 4624 5468 2116 192 
128 1061 512 2806 4624 5468 2116 192 
128 1061 512 2806 4624 5468 2116 192 
128 1061 512 2806 4624 5468 2116 192 
128 1061 512 2806 4624 5468 2116 192 
128 1061 512 2806 4624 5468 2116 192 
128 1061 512 2806 4624 5468 2116 192 
128 1061 512 2806 4624 5468 2116 192 
128 1061 512 2806 4624 5468 2116 192 
128 1061 512 2806 4624 5468 2116 192 
6 955 5370 168 2574 891 1386 
6 955 5370 168 2574 891 1386 
6 955 5370 168 2574 891 1386 
2418 1841 1417 335 5577 139 335 4968 5002 
1 5578 2519 5579 5580 828 5581 672 247 1579 
2519 5573 2102 2835 5574 5575 6 
2519 5573 2102 2835 5574 5575 6 
2519 5573 2102 2835 5574 5575 6 5582 
5583 5584 264 5585 5586 5587 5588 5589 13 5590 2455 122 5591 4905 2300 5222 2519 4228 5218 
40 136 5516 9 2519 3196 549 
6 1704 247 104 5592 168 2519 
1264 168 1 6 2519 1524 378 1463 
1472 251 168 1325 2519 5593 5594 36 
2519 528 5595 256 335 1916 251 5596 3196 
6 955 5370 168 2574 891 1386 
6 955 5370 168 2574 891 1386 
2519 528 5595 256 335 1916 251 5596 3196 
3570 1460 685 5597 1063 4228 2519 2852 4968 5201 5598 2300 5314 
3570 1460 685 5597 1063 4228 2519 2852 4968 5201 5598 2300 5314 
5218 5599 5600 4905 2300 5222 2519 4228 5601 2079 5602 
5603 3692 5604 251 5063 269 188 335 1604 334 1222 4586 1729 4968 5605 
1424 5606 1705 251 2519 336 1086 336 1614 
3048 2519 4968 2806 
1472 251 168 1325 2519 5593 5594 36 
28 5607 5608 5609 5610 377 5516 185 3097 336 1615 
625 3015 243 188 197 1754 1110 369 5060 5097 4968 792 3428 3196 
6 1704 247 104 5592 168 2519 
1264 168 1 6 2519 1524 378 1463 
40 136 5516 9 2519 3196 549 
1424 1916 1705 2064 5611 2519 336 1086 336 
2092 1104 2519 3203 
2682 2972 3938 5612 2519 6 9 
1 5613 545 2519 1916 5614 5615 
1 5613 545 2519 1916 5614 5615 
625 522 269 796 41 5616 5617 3131 2519 
2682 2972 3938 5612 2519 6 9 
5618 104 18 2467 5516 5619 2519 2806 
1 5613 545 2519 1916 5614 5615 
28 5620 5621 761 263 2519 5622 5623 2519 
1 5613 545 2519 6 5624 5625 
1 5613 545 2519 6 5624 5626 
1 5613 545 2519 6 5624 5626 
36 75 5627 252 563 168 2519 6 232 
36 75 5627 252 563 168 2519 6 232 5628 
36 75 5627 252 563 168 2519 6 232 5628 
625 402 5627 252 168 2519 6 232 
625 402 5627 252 168 2519 6 232 
1424 5606 1705 251 2519 336 1086 336 1614 
617 286 945 5169 836 1806 2519 5063 4982 232 5629 
625 402 5627 252 168 2519 6 232 
625 3015 243 188 197 1754 1110 369 5060 5097 4968 792 3428 3196 
625 3015 243 188 197 1754 1110 369 5060 5097 4968 792 
1 5613 545 2519 6 5624 5625 
5630 5631 80 5632 4968 5063 232 1754 84 
5633 5634 5635 5636 5637 4968 5060 2851 5638 
5633 5634 5639 5636 5637 4968 5060 2851 5638 
132 4968 5640 232 5641 132 
109 2519 1789 955 
5642 5643 504 104 1000 4968 1086 502 2346 1020 
4437 1625 711 2519 232 
545 66 2563 629 711 2519 232 
5644 250 1089 139 250 1089 139 334 5645 5646 4968 4982 1543 
1705 1086 5647 4968 5097 5648 3277 5072 1086 1729 2467 
1671 1753 251 2519 2971 2973 2888 5277 
1671 1753 251 2519 2971 2973 2888 
1671 1753 251 2519 2971 2973 2888 
1671 1753 251 2519 2971 2973 2888 5649 
1705 1086 5647 4968 5097 5648 3277 5072 1086 1729 2467 
196 270 1585 66 768 2519 3428 9 1729 3429 3381 
1460 2519 5063 4968 5650 5651 
1705 1086 5647 4968 5097 5648 3277 5072 1086 1729 2467 
178 4968 662 820 250 5482 5652 5172 319 5300 
5653 6 1652 2196 168 3637 3256 2519 
5654 31 232 2519 5202 5655 5190 
1671 1753 251 2519 2971 2973 2888 5649 
251 398 3690 2852 5656 5657 2519 5658 5659 5660 2221 986 4213 121 84 
1560 1585 5185 3814 1109 4968 
28 5661 5662 1901 221 1576 2519 334 7 5663 
168 5664 1854 3774 3953 2519 528 
2393 5665 5666 3767 5667 4622 5668 2851 2519 
1560 1585 5185 3814 1109 4968 
1560 1585 5185 3814 1109 4968 
247 5084 120 2975 251 3690 5085 2853 4986 2519 5086 
2597 221 685 5669 2098 199 2197 2519 
2597 221 685 5669 2098 199 2197 2519 
175 168 5670 2519 168 1325 2519 986 512 549 3689 5671 
175 168 5670 2519 168 1325 2519 986 512 549 3689 5671 
175 168 5670 2519 168 1325 2519 986 512 549 3689 5671 
175 168 5670 2519 168 1325 2519 986 512 549 3689 5671 
792 5672 73 377 2519 2418 2105 377 5002 5060 
5673 2558 5674 5675 4968 5676 1389 3181 
820 723 5677 5508 9 3505 5678 2519 5063 
3022 5679 1073 5185 5680 2519 
3022 5679 1073 5185 5680 2519 
3022 5679 1073 5185 5680 2519 
90 564 5064 790 2519 214 2976 2519 5082 4982 3887 
564 90 5681 2519 3586 8 1747 2519 5082 4982 2698 
1370 5682 2519 5082 4185 5683 3693 5684 
