36 245 4 246 6 9 7 
36 206 207 208 209 105 
36 206 207 208 209 105 
247 36 206 207 208 209 105 
247 36 206 207 208 209 105 
36 206 207 208 209 105 
248 36 249 250 251 252 174 66 
36 206 207 208 209 105 
36 206 207 208 209 105 
36 206 207 208 209 105 
36 206 207 208 209 105 
256 175 259 257 36 258 105 
36 206 207 208 209 105 
36 206 207 208 209 105 
264 265 241 116 105 36 266 267 268 
36 206 207 208 209 105 
36 206 207 208 209 105 
36 206 207 208 209 105 
36 206 207 208 209 105 
273 36 206 207 208 209 105 
36 206 207 208 209 105 
36 206 207 208 209 105 
36 206 207 208 209 105 
274 275 276 105 36 266 
36 206 207 208 209 105 
36 206 207 208 209 105 
36 37 38 282 40 
36 37 38 282 40 
36 37 38 282 40 
36 206 207 208 209 105 
284 285 36 37 38 
36 37 38 282 40 
36 286 287 288 289 290 291 292 
36 37 38 282 40 
36 293 9 294 
36 37 38 39 40 19 
36 37 38 39 40 19 
36 37 38 39 40 19 
36 37 38 39 40 19 
36 37 38 39 40 19 
36 37 38 39 40 19 
36 37 38 39 40 19 
36 37 38 39 40 19 
36 37 38 39 40 19 
36 37 38 39 40 19 
36 37 38 39 40 19 
36 37 38 39 40 19 
36 37 38 39 40 19 
36 37 38 39 40 19 
36 37 38 39 40 19 
36 295 296 297 298 299 300 192 
36 295 296 297 298 
36 295 296 297 298 
36 37 38 39 40 19 
36 295 296 297 298 
36 295 296 297 298 
36 295 296 297 298 
36 37 38 39 40 19 
36 37 38 39 40 19 
36 37 38 39 40 19 
36 37 38 39 40 19 
36 295 296 297 298 
36 295 296 297 298 
36 295 296 297 298 
36 295 296 297 298 
36 295 296 297 298 
36 37 38 39 40 19 
36 37 38 39 40 19 
36 37 38 39 40 19 
36 37 38 39 40 19 
36 295 296 297 298 
36 37 38 39 40 19 
36 295 122 105 123 124 125 
36 295 122 105 123 124 125 
36 295 122 105 123 124 125 
36 295 122 105 123 124 125 
36 295 122 105 123 124 125 
36 295 122 105 123 124 125 
36 37 38 39 40 19 
36 295 122 105 123 124 125 
36 295 296 297 298 
36 295 296 297 298 
36 37 38 39 40 19 
36 37 38 39 40 19 
36 295 296 297 298 
308 36 122 105 123 124 125 
308 36 122 105 123 124 125 
308 36 122 105 123 124 125 
308 36 122 105 123 124 125 
308 36 122 105 123 124 125 
308 36 122 105 123 124 125 
36 122 105 123 124 125 
308 36 122 105 123 124 125 
308 36 122 105 123 124 125 
308 36 122 105 123 124 125 
36 122 105 123 124 125 
308 36 122 105 123 124 125 
308 36 122 105 123 124 125 
308 36 122 105 123 124 125 
308 36 122 105 123 124 125 
308 36 122 105 123 124 125 
308 36 122 105 123 124 125 
312 308 36 122 105 123 124 125 
36 122 105 123 124 125 19 
36 122 105 123 124 125 19 
36 122 105 123 124 125 19 
36 122 105 123 124 125 19 
36 122 105 123 124 125 19 
36 122 105 123 124 125 19 
36 122 105 123 124 125 19 
36 122 105 123 124 125 19 
36 122 105 123 124 125 19 
36 37 38 39 40 19 
36 122 105 123 124 125 19 
36 122 105 123 124 125 19 
36 122 105 123 124 125 19 
36 295 296 297 298 
36 122 105 123 124 125 19 
36 122 105 123 124 125 19 
36 122 105 123 124 125 19 
36 322 323 324 325 326 
36 37 38 39 40 19 
36 295 296 297 298 
36 37 38 39 40 19 
36 37 38 39 40 19 
36 37 38 39 40 19 
36 37 38 39 40 19 
36 37 38 39 40 19 
36 37 38 39 40 19 
36 295 296 297 298 
36 295 296 297 298 
36 295 296 297 298 
36 295 296 297 298 
36 295 296 297 298 
36 295 296 297 298 
36 37 38 39 40 19 
36 37 38 39 40 19 
224 233 6 231 329 36 330 331 
36 295 296 297 298 
36 295 296 297 298 
36 37 38 39 40 19 
36 37 38 39 40 19 
36 37 38 39 40 19 
36 37 38 39 40 19 
36 37 38 39 40 19 
36 37 38 39 40 19 
36 37 38 39 40 19 
36 295 296 297 298 
36 295 296 297 298 
36 295 296 297 298 
36 295 296 297 298 
36 295 296 297 298 
36 295 296 297 298 
36 206 207 208 209 105 95 
36 206 207 208 209 105 95 
36 206 207 208 209 105 95 
36 37 38 39 40 19 
36 37 38 39 40 19 
36 37 38 39 40 19 
36 295 296 297 298 
36 295 296 297 298 
36 206 207 208 209 105 95 
36 206 207 208 209 105 95 
36 37 38 39 40 19 
36 37 38 39 40 19 
36 37 38 39 40 19 
36 37 38 39 40 19 
332 333 334 36 335 251 336 337 66 
36 295 296 297 298 
36 295 296 297 298 
36 295 296 297 298 
36 295 296 297 298 
36 206 207 208 209 105 95 
36 206 207 208 209 105 95 
36 206 207 208 209 105 95 
36 206 207 208 209 105 95 
36 206 207 208 209 105 95 
36 295 296 297 298 
36 206 207 208 209 105 95 
36 37 38 39 40 19 
36 37 38 39 40 19 
36 37 38 39 40 19 
36 295 296 297 298 
36 295 296 297 298 
36 295 296 297 298 
36 206 207 208 209 105 95 
36 206 207 208 209 105 95 
36 206 207 208 209 105 95 
36 206 207 208 209 105 95 
36 206 207 208 209 105 95 
36 37 38 39 40 19 
36 37 38 39 40 19 
36 37 38 39 40 19 
36 295 296 297 298 
36 206 207 208 209 105 95 
36 295 296 297 298 
36 206 207 208 209 105 95 
36 295 296 297 298 
36 206 207 208 209 105 95 
36 206 207 208 209 105 95 
36 206 207 208 209 105 95 
36 295 296 297 298 
36 206 207 208 209 105 95 
36 295 296 297 298 
36 295 296 297 298 
338 36 295 296 297 298 
36 37 38 39 40 19 
36 37 38 39 40 19 
36 37 38 39 40 19 
36 37 38 39 40 19 
36 37 38 39 40 19 
36 37 38 39 40 19 
36 37 38 39 40 19 
36 339 298 340 341 39 40 
36 339 298 340 341 39 40 
36 342 40 343 137 344 345 346 
36 339 298 340 341 39 40 
36 342 40 343 137 344 345 346 
36 339 298 340 341 39 40 
36 342 40 343 137 344 345 346 
36 339 298 340 341 39 40 
36 342 40 343 137 344 345 346 
36 342 40 343 137 344 345 346 
36 342 40 343 137 344 345 346 
36 342 40 343 137 344 345 346 
36 206 207 208 209 105 95 
36 206 207 208 209 105 95 
36 206 207 208 209 105 95 
36 206 207 208 209 105 95 
36 295 296 297 298 
36 295 296 297 298 
36 295 296 297 298 
36 295 296 297 298 
36 37 38 39 40 19 
36 37 38 39 40 19 
36 37 38 39 40 19 
36 37 38 39 40 19 
36 342 40 343 137 344 345 346 
36 353 354 355 51 34 356 357 
36 353 354 355 51 34 356 357 
36 353 354 355 51 34 356 357 
36 342 40 343 137 344 345 346 
36 353 354 355 51 34 356 357 
36 353 354 355 51 34 356 357 
36 353 354 355 51 34 356 357 
36 206 207 208 209 105 95 
36 206 207 208 209 105 95 
36 206 207 208 209 105 95 
36 206 207 208 209 105 95 
36 206 207 208 209 105 95 
36 206 207 208 209 105 95 
36 342 40 343 137 344 345 346 
36 342 40 343 137 344 345 346 
36 295 296 297 298 
36 295 296 297 298 
36 295 296 297 298 
36 295 296 297 298 
36 295 296 297 298 
36 295 296 297 298 
36 295 296 297 298 
36 295 296 297 298 
36 295 296 297 298 
36 295 296 297 298 
36 37 38 39 40 19 
36 342 40 343 137 345 346 
36 342 40 343 137 345 346 
36 342 40 343 137 345 346 
36 353 354 355 51 34 356 357 
36 353 354 355 51 34 356 357 
36 206 207 208 209 105 95 
36 206 207 208 209 105 95 
36 206 207 208 209 105 95 
36 175 176 168 178 19 
36 175 176 168 178 19 
36 295 296 297 298 
36 175 176 168 178 19 
36 295 296 297 298 
36 175 176 168 178 19 
36 37 38 39 40 19 
36 37 38 39 40 19 
36 37 38 39 40 19 
36 37 38 39 40 19 
36 37 38 39 40 19 
36 37 38 39 40 19 
36 37 38 39 40 19 
36 342 40 343 137 345 346 
36 353 354 355 51 34 356 357 
36 342 40 343 137 345 346 
36 353 354 355 51 34 356 357 
36 342 40 343 137 345 346 
36 342 40 343 137 345 346 
36 206 207 208 209 105 95 
36 206 207 208 209 105 95 
36 206 207 208 209 105 95 
36 295 296 297 298 
36 295 296 297 298 
36 206 207 208 209 105 95 
36 295 296 297 298 
36 206 207 208 209 105 95 
36 295 296 297 298 
36 295 296 297 298 
36 295 296 297 298 
36 342 40 343 137 345 346 
36 206 207 208 209 105 95 
36 206 207 208 209 105 95 
36 206 207 208 209 105 95 
36 175 176 168 178 19 
36 206 207 208 209 105 95 
36 206 207 208 209 105 95 
36 206 207 208 209 105 95 
36 206 207 208 209 105 95 
36 206 207 208 209 105 95 
36 198 358 359 360 105 269 361 309 
36 198 358 359 360 105 269 361 309 
36 37 38 39 40 19 
36 206 207 208 209 105 95 
36 198 358 359 360 105 269 361 309 
36 353 354 355 51 34 356 357 
36 198 358 359 360 105 269 361 309 
36 198 358 359 360 105 269 361 309 
36 198 358 359 360 105 269 361 309 
36 353 354 355 51 34 356 357 
36 353 354 355 51 34 356 357 
36 353 354 355 51 34 356 357 
36 206 207 208 209 105 95 
36 206 207 208 209 105 95 
36 198 358 359 360 105 269 361 309 
36 206 207 208 209 105 95 
36 198 358 359 360 105 269 361 309 
36 353 354 355 51 34 356 357 
36 206 207 208 209 105 95 
36 206 207 208 209 105 95 
36 198 358 359 360 105 269 361 309 
36 206 207 208 209 105 95 
36 198 358 359 360 105 269 361 309 
36 37 38 39 40 19 
36 175 176 168 178 19 
36 37 38 39 40 19 
36 175 176 168 178 19 
36 198 358 359 360 105 269 361 309 
36 295 296 297 298 
36 175 176 168 178 19 
36 198 358 359 360 105 269 361 309 
36 295 296 297 298 
36 295 296 297 298 
36 353 354 355 51 34 356 357 
36 295 296 297 298 
36 198 358 359 360 105 269 361 309 
36 206 207 208 209 105 95 
36 206 207 208 209 105 95 
36 175 176 168 178 19 
36 198 358 359 360 105 269 361 309 
36 198 358 359 360 105 269 361 309 
36 198 358 359 360 105 269 361 309 
36 198 358 359 360 105 269 361 309 
36 295 296 297 298 
36 353 354 355 51 34 356 357 
36 353 354 355 51 34 356 357 
36 198 358 359 360 105 269 361 309 
36 206 207 208 209 105 95 
36 206 207 208 209 105 95 
36 206 207 208 209 105 95 
36 206 207 208 209 105 95 
36 206 207 208 209 105 95 
36 206 207 208 209 105 95 
36 206 207 208 209 105 95 
36 198 358 359 360 105 269 361 309 
36 206 207 208 209 105 95 
36 206 207 208 209 105 95 
36 367 357 295 354 355 51 34 
36 206 207 208 209 105 95 
36 367 357 295 354 355 51 34 
36 206 207 208 209 105 95 
36 175 176 168 178 19 
36 175 176 168 178 19 
36 175 176 168 178 19 
36 198 358 359 360 105 269 361 309 
36 175 176 168 178 19 
36 175 176 168 178 19 
36 175 176 168 178 19 
36 367 357 295 354 355 51 34 
36 206 207 208 209 105 95 
36 175 176 168 178 19 
36 175 176 168 178 19 
36 175 176 168 178 19 
36 175 176 168 178 19 
36 175 176 168 178 19 
36 175 176 168 178 19 
36 175 176 168 178 19 
36 198 358 359 360 105 269 361 309 
36 37 38 39 40 19 
36 37 38 39 40 19 
36 206 207 208 209 105 95 
36 342 40 343 137 345 346 
36 295 296 297 298 
36 295 296 297 298 
36 175 176 168 178 19 
36 206 207 208 209 105 95 
36 367 357 295 354 355 51 34 
36 367 357 295 354 355 51 34 
36 206 207 208 209 105 95 
36 175 176 168 178 19 
36 175 176 168 178 19 
36 37 38 39 40 19 
36 37 38 39 40 19 
36 295 296 297 298 
36 37 38 39 40 19 
36 206 207 208 209 105 95 
36 295 296 297 298 
36 37 38 39 40 19 
36 206 207 208 209 105 95 
36 206 207 208 209 105 95 
36 198 358 359 360 105 269 361 309 
36 198 358 359 360 105 269 361 309 
36 198 358 359 360 105 269 361 309 
36 198 358 359 360 105 269 361 309 
36 367 357 295 354 355 51 34 
36 367 357 295 354 355 51 34 
36 198 358 359 360 105 269 361 309 
36 206 207 208 209 105 95 
36 367 357 295 354 355 51 34 
36 198 358 359 360 105 269 361 309 
36 198 358 359 360 105 269 361 309 
36 206 207 208 209 105 95 
36 198 358 359 360 105 269 361 309 
36 206 207 208 209 105 95 
36 198 358 359 360 105 269 361 309 
36 198 358 359 360 105 269 361 309 
36 198 358 359 360 105 269 361 309 
36 198 358 359 360 105 269 361 309 
36 198 358 359 360 105 269 361 309 
36 206 207 208 209 105 95 
36 206 207 208 209 105 95 
36 206 207 208 209 105 95 
36 206 207 208 209 105 95 
36 206 207 208 209 105 95 
36 175 176 168 178 19 
36 367 357 295 354 355 51 34 
36 198 358 359 360 105 269 361 309 
36 206 207 208 209 105 95 
36 367 357 295 354 355 51 34 
36 206 207 208 209 105 95 
36 367 357 295 354 355 51 34 
36 206 207 208 209 105 95 
36 206 207 208 209 105 95 
36 198 358 359 360 105 269 361 309 
36 198 358 359 360 105 269 361 309 
36 367 357 295 354 355 51 34 
36 198 358 359 360 105 269 361 309 
36 367 357 295 354 355 51 34 
36 206 207 208 209 105 95 
36 206 207 208 209 105 95 
36 367 357 295 354 355 51 34 
36 295 296 297 298 
36 198 358 359 360 105 269 361 309 
36 206 207 208 209 105 95 
36 295 296 297 298 
36 295 296 297 298 
36 295 296 297 298 
36 198 358 359 360 105 269 361 309 
36 206 207 208 209 105 95 
36 342 40 343 137 345 346 
36 198 358 359 360 105 269 361 309 
36 206 207 208 209 105 95 
36 206 207 208 209 105 95 
36 342 40 343 137 345 346 
36 37 38 39 40 19 
36 206 207 208 209 105 95 
36 342 40 343 137 345 346 
36 198 358 359 360 105 269 361 309 
36 206 207 208 209 105 95 
36 367 357 295 354 355 51 34 
36 198 358 359 360 105 269 361 309 
36 206 207 208 209 105 95 
36 175 176 168 178 19 
36 367 357 295 354 355 51 34 
36 367 357 295 354 355 51 34 
36 198 358 359 360 105 269 361 309 
36 175 176 168 178 19 
36 367 357 295 354 355 51 34 
36 206 207 208 209 105 95 
36 175 176 168 178 19 
36 198 358 359 360 105 269 361 309 
36 198 358 359 360 105 269 361 309 
36 206 207 208 209 105 95 
36 198 358 359 360 105 269 361 309 
36 198 358 359 360 105 269 361 309 
36 342 40 343 137 345 346 
36 175 176 168 178 19 
36 175 176 168 178 19 
36 206 207 208 209 105 95 
36 198 358 359 360 105 269 361 309 
36 342 40 343 137 345 346 
36 198 358 359 360 105 269 361 309 
36 342 40 343 137 345 346 
36 206 207 208 209 105 95 
36 206 207 208 209 105 95 
36 198 358 359 360 105 269 361 309 
36 198 358 359 360 105 269 361 309 
36 295 296 297 298 
36 295 296 297 298 
36 367 357 295 354 355 51 34 
36 198 358 359 360 105 269 361 309 
36 198 358 359 360 105 269 361 309 
36 206 207 208 209 105 95 
36 198 358 359 360 105 269 361 309 
36 198 358 359 360 105 269 361 309 
36 206 207 208 209 105 95 
36 198 358 359 360 105 269 361 309 
36 198 358 359 360 105 269 361 309 
36 295 296 297 298 
36 198 358 359 360 105 269 361 309 
36 198 358 359 360 105 269 361 309 
36 342 40 343 137 345 346 
36 198 358 359 360 105 269 361 309 
36 295 296 297 298 
36 198 358 359 360 105 269 361 309 
36 295 296 297 298 
36 295 296 297 298 
36 175 176 168 178 19 
36 342 40 343 137 345 346 
36 342 40 343 137 345 346 
36 198 358 359 360 105 269 361 309 
36 295 296 297 298 
36 295 296 297 298 
36 295 296 297 298 
36 198 358 359 360 105 269 361 309 
36 295 296 297 298 
36 295 296 297 298 
36 295 296 297 298 
36 198 358 359 360 105 269 361 309 
36 295 296 297 298 
36 367 357 295 354 355 51 34 
36 198 358 359 360 105 269 361 309 
36 342 40 343 137 345 346 
36 296 297 298 299 300 192 
36 296 297 298 299 300 192 
36 342 40 343 137 345 346 
36 206 207 208 209 105 95 
36 367 357 295 354 355 51 34 
36 198 358 359 360 105 269 361 309 
36 296 297 298 299 300 192 
36 206 207 208 209 105 95 
36 367 357 295 354 355 51 34 
36 296 297 298 299 300 192 
36 37 38 39 40 19 
36 367 357 295 354 355 51 34 
36 367 357 295 354 355 51 34 
36 367 357 295 354 355 51 34 
36 342 40 343 137 345 346 
36 175 176 168 178 19 
36 367 357 295 354 355 51 34 
370 105 161 36 297 
36 342 40 343 137 345 346 
36 367 357 295 354 355 51 34 
36 342 40 343 137 345 346 
370 105 161 36 297 371 
370 105 161 36 297 371 
36 175 176 168 178 19 
370 105 161 36 297 371 
370 105 161 36 297 371 
36 367 357 295 354 355 51 34 
370 105 161 36 297 371 
36 367 357 295 354 355 51 34 
36 342 40 343 137 345 346 
36 175 176 168 178 19 
370 105 161 36 297 371 
36 297 298 370 105 161 
36 297 298 370 105 161 
36 37 38 39 40 19 
36 367 357 295 354 355 51 34 
36 342 40 343 137 345 346 
36 37 38 39 40 19 
36 297 298 370 105 161 
36 37 38 39 40 19 
36 342 40 343 137 345 346 
36 342 40 343 137 345 346 
36 367 357 295 354 355 51 34 
36 342 40 343 137 345 346 
36 342 40 343 137 345 346 
36 342 40 343 137 345 346 
36 206 207 208 209 105 95 
36 367 357 295 354 355 51 34 
36 342 40 343 137 345 346 
36 367 357 295 354 355 51 34 
36 198 358 359 360 105 269 361 309 
36 342 40 343 137 345 346 
36 198 358 359 360 105 269 361 309 
36 198 358 359 360 105 269 361 309 
36 198 358 359 360 105 269 361 309 
301 36 372 373 217 374 375 75 325 376 
36 198 358 359 360 105 269 361 309 
36 198 358 359 360 105 269 361 309 
36 377 378 41 168 
36 297 298 370 105 161 
36 377 378 41 168 
36 377 378 41 168 
36 377 378 41 168 
36 297 298 370 105 161 
36 367 357 295 354 355 51 34 
36 377 378 41 168 
36 297 298 370 105 161 
36 377 378 41 168 
36 377 378 41 168 
36 297 298 370 105 161 
36 175 176 168 178 19 
36 37 38 39 40 19 
36 297 298 370 105 161 
379 380 381 36 297 298 
36 206 207 208 209 105 95 
36 175 176 168 178 19 
36 175 176 168 178 19 
36 175 176 168 178 19 
379 380 381 36 175 176 168 178 
36 297 298 370 105 161 
36 198 358 359 360 105 269 361 309 
36 206 207 208 209 105 95 
36 175 176 168 178 19 
36 206 207 208 209 105 95 
36 175 176 168 178 19 
36 297 298 370 105 161 
36 206 207 208 209 105 95 
36 206 207 208 209 105 95 
36 206 207 208 209 105 95 
36 297 298 370 105 161 
36 198 358 359 360 105 269 361 309 
36 198 358 359 360 105 269 361 309 
36 297 298 370 105 161 
36 198 358 359 360 105 269 361 309 
36 297 298 370 105 161 
36 297 298 370 105 161 
36 297 298 370 105 161 
382 168 383 384 385 36 386 387 388 389 
36 377 378 41 168 
36 297 298 370 105 161 
36 175 176 168 178 19 
382 168 383 384 385 36 386 387 388 389 
36 198 358 359 360 105 269 361 309 
36 297 298 370 105 161 
36 198 358 359 360 105 269 361 309 
36 175 176 168 178 19 
36 377 378 41 168 
36 198 358 359 360 105 269 361 309 
36 377 378 41 168 
382 168 383 384 385 36 386 387 388 389 
36 377 378 41 168 
36 297 298 370 105 161 
36 297 298 370 105 161 
36 297 298 370 105 161 
36 198 358 359 360 105 269 361 309 
36 297 298 370 105 161 
36 198 358 359 360 105 269 361 309 
36 175 176 168 178 19 
36 175 176 168 178 19 
36 198 358 359 360 105 269 361 309 
36 297 298 370 105 161 
36 198 358 359 360 105 269 361 309 
36 175 176 168 178 19 
36 297 298 370 105 161 
36 297 298 370 105 161 
36 367 357 295 354 355 51 34 
36 367 357 295 354 355 51 34 
36 297 298 370 105 161 
36 198 358 359 360 105 269 361 309 
36 340 390 39 40 391 392 
36 367 357 295 354 355 51 34 
36 198 358 359 360 105 269 361 309 
36 367 357 295 354 355 51 34 
36 297 298 370 105 161 
36 206 207 208 209 105 95 
36 342 40 343 137 345 346 
36 198 358 359 360 105 269 361 309 
36 297 298 370 105 161 
36 342 40 343 137 345 346 
36 367 357 295 354 355 51 34 
36 367 357 295 354 355 51 34 
36 297 298 370 
36 198 358 359 360 105 269 361 309 
36 342 40 343 137 345 346 
36 367 357 295 354 355 51 34 
36 393 168 383 383 384 385 
36 393 168 383 383 384 385 
36 198 358 359 360 105 269 361 309 
36 198 358 359 360 105 269 361 309 
36 393 168 383 383 384 385 
36 297 298 370 
36 393 168 383 383 384 385 
36 297 298 370 
36 297 298 370 105 161 
36 37 38 39 40 19 
36 297 298 370 105 161 
36 198 358 359 360 105 269 361 309 
36 198 358 359 360 105 269 361 309 
36 297 298 370 105 161 
36 198 358 359 360 105 269 361 309 
36 297 298 370 105 161 
36 37 38 39 40 19 
36 297 298 370 105 161 
36 342 40 343 137 345 346 
36 198 358 359 360 105 269 361 309 
36 342 40 343 137 345 346 
36 394 51 367 346 395 354 355 51 34 
36 394 51 367 346 395 354 355 51 34 396 
36 175 176 168 178 19 
36 198 358 359 360 105 269 361 309 
36 297 298 370 105 161 
36 37 38 39 40 19 
36 198 358 359 360 105 269 361 309 
36 297 298 370 105 161 
36 175 176 168 178 19 
36 198 358 359 360 105 269 361 309 
36 297 298 370 105 161 
36 297 298 370 
36 198 358 359 360 105 269 361 309 
36 297 298 370 105 161 
36 198 358 359 360 105 269 361 309 
36 206 207 208 209 105 
36 198 358 359 360 105 269 361 309 
36 206 207 208 209 105 
36 297 298 370 105 161 
36 297 298 370 105 161 
36 394 51 367 346 395 354 355 51 34 396 
36 297 298 370 105 161 
36 206 207 208 209 105 
36 297 298 370 105 161 
36 297 298 370 105 161 
36 198 358 359 360 105 269 361 309 
36 198 358 359 360 105 269 361 309 
36 198 358 359 360 105 269 361 309 
36 198 358 359 360 105 269 361 309 
36 394 51 367 346 395 354 355 51 34 396 
36 198 358 359 360 105 269 361 309 
36 198 358 359 360 105 269 361 309 
36 198 358 359 360 105 269 361 309 
36 297 298 370 105 161 
36 297 298 370 105 161 
36 297 298 370 105 161 
36 297 298 370 105 161 
36 394 51 367 346 395 354 355 51 34 396 
36 297 298 370 105 161 
36 
36 198 358 359 360 105 269 361 309 
36 198 358 359 360 105 269 361 309 
36 394 51 367 346 395 354 355 51 34 396 
36 297 298 370 105 161 
36 198 358 359 360 105 269 361 309 
36 206 207 208 209 105 
36 206 207 208 209 105 
36 198 358 359 360 105 269 361 309 
36 37 38 39 40 19 
36 198 358 359 360 105 269 361 309 
36 394 51 367 346 395 354 355 51 34 396 
36 198 358 359 360 105 269 361 309 
36 297 298 370 105 161 
36 394 51 367 346 395 354 355 51 34 396 
36 206 207 208 209 105 95 
36 198 358 359 360 105 269 361 309 
36 394 51 367 346 395 354 355 51 34 396 
36 198 358 359 360 105 269 361 309 
36 206 207 208 209 105 95 
36 206 207 208 209 105 95 
36 393 168 383 383 384 385 
36 342 40 343 137 345 346 
36 342 40 343 137 345 346 
36 367 357 295 354 355 51 34 
36 175 176 168 178 19 
36 206 207 208 209 105 
36 206 207 208 209 105 95 
36 206 207 208 209 105 95 
36 206 207 208 209 105 95 
36 367 357 295 354 355 51 34 
36 367 357 295 354 355 51 34 
36 367 357 295 354 355 51 34 
36 175 176 168 178 19 
36 206 207 208 209 105 
36 393 168 383 383 384 385 
36 393 168 383 383 384 385 
36 394 51 367 346 395 354 355 51 34 396 
36 297 298 370 105 161 
36 206 207 208 209 105 
36 394 51 367 346 395 354 355 51 34 
36 394 51 367 346 395 354 355 51 34 
36 393 168 383 383 384 385 
36 393 168 383 383 384 385 
36 297 298 370 105 161 
36 393 168 383 383 384 385 
36 342 40 343 137 345 346 
36 393 168 383 383 384 385 
36 367 357 295 354 355 51 34 
36 198 358 359 360 105 269 361 309 
36 394 51 367 346 395 354 355 51 34 
36 297 298 370 105 161 
36 394 51 367 346 395 354 355 51 34 
36 394 51 367 346 395 354 355 51 34 
36 342 40 343 137 345 346 
36 394 51 367 346 395 354 355 51 34 396 
36 297 298 370 105 161 
36 394 51 367 346 395 354 355 51 34 
36 297 298 370 105 161 221 399 
36 297 298 370 105 161 221 
36 297 298 370 105 161 221 399 
36 367 357 295 354 355 51 34 
36 198 358 359 360 105 269 361 309 
36 206 207 208 209 105 
36 394 51 367 346 395 354 355 51 34 
36 37 38 39 40 19 
36 297 298 370 105 161 
36 394 51 367 346 395 354 355 51 34 
36 37 38 39 40 19 
36 37 38 39 40 19 
36 394 51 367 346 395 354 355 51 34 
36 297 298 370 105 161 
36 206 207 208 209 105 
36 198 358 359 360 105 269 361 309 
36 297 298 370 105 161 
36 394 51 367 346 395 354 355 51 34 
36 206 207 208 209 105 
36 394 51 367 346 395 354 355 51 34 
36 297 298 370 105 161 
36 198 358 359 360 105 269 361 309 
36 198 358 359 360 105 269 361 309 
36 394 51 367 346 395 354 355 51 34 
36 394 51 367 346 395 354 355 51 34 
36 198 358 359 360 105 269 361 309 
36 342 40 343 137 345 346 
36 297 298 370 105 161 
36 297 298 370 105 161 
36 394 51 367 346 395 354 355 51 34 
36 198 358 359 360 105 269 361 309 
36 342 40 343 137 345 346 
36 297 298 370 105 161 
36 342 40 343 137 345 346 
36 394 51 367 346 395 354 355 51 34 
36 206 207 208 209 105 95 
36 206 207 208 209 105 95 
36 206 207 208 209 105 95 
36 297 298 370 105 161 
36 342 40 343 137 345 346 
36 394 51 367 346 395 354 355 51 34 
36 198 358 359 360 105 269 361 309 
36 297 298 370 105 161 
36 198 358 359 360 105 269 361 309 
36 297 298 370 105 161 
36 198 358 359 360 105 269 361 309 
36 206 207 208 209 105 95 
36 297 298 370 105 161 
36 393 168 383 383 384 385 
36 367 357 295 354 355 51 34 
36 175 176 168 178 19 
36 175 176 168 178 19 
36 393 168 383 383 384 385 
36 367 357 295 354 355 51 34 
36 175 176 168 178 19 
36 367 357 295 354 355 51 34 
36 175 176 168 178 19 
36 175 176 168 178 19 
36 175 176 168 178 19 
36 297 298 370 105 161 
36 297 298 370 105 161 
36 198 358 359 360 105 269 361 309 
36 206 207 208 209 105 95 19 
36 297 298 370 105 161 
36 206 207 208 209 105 95 19 
36 198 358 359 360 105 269 361 309 
36 297 298 370 105 161 
36 206 207 208 209 105 95 19 
36 342 40 343 137 345 346 
36 342 40 343 137 345 346 
36 206 207 208 209 105 95 19 
36 206 207 208 209 105 95 19 
36 37 38 39 40 19 
36 206 207 208 209 105 95 19 
36 206 207 208 209 105 95 19 
36 206 207 208 209 105 95 
36 206 207 208 209 105 95 
36 342 40 343 137 345 346 
36 297 298 370 105 161 
36 206 207 208 209 105 95 
36 297 298 370 105 161 
36 297 298 370 105 161 
36 297 298 370 105 161 
36 198 358 359 360 105 269 361 309 
36 198 358 359 360 105 269 361 309 
36 206 207 208 209 105 95 19 
36 206 207 208 209 105 95 
36 367 357 295 354 355 51 34 
36 198 358 359 360 105 269 361 309 
36 297 298 370 105 161 
36 206 207 208 209 105 95 
36 198 358 359 360 105 269 361 309 
36 198 358 359 360 105 269 361 309 
36 297 298 370 105 161 300 
36 297 298 370 105 161 401 
36 206 207 208 209 105 95 
36 297 298 370 105 161 300 
36 297 298 370 105 161 300 
36 297 298 370 105 161 300 
36 206 207 208 209 105 95 
36 206 207 208 209 105 95 
36 206 207 208 209 105 95 19 
36 297 298 370 105 161 
36 394 51 367 346 395 354 355 51 34 
36 198 358 359 360 105 269 361 309 
36 175 176 168 178 19 
36 206 207 208 209 105 95 
36 198 358 359 360 105 269 361 309 
36 394 51 367 346 395 354 355 51 34 
36 175 176 168 178 19 
36 394 51 367 346 395 354 355 51 34 
36 394 51 367 346 395 354 355 51 34 
36 297 298 370 105 161 300 
36 175 176 168 178 19 
36 206 207 208 209 105 95 19 
36 175 176 168 178 19 
36 206 207 208 209 105 95 19 
36 206 207 208 209 105 95 19 
36 51 34 402 403 404 405 198 406 
36 51 34 402 403 404 405 198 406 
379 380 381 36 37 38 39 40 
36 37 38 39 40 19 
36 394 51 367 346 395 354 355 51 34 
36 394 51 367 346 395 354 355 51 34 
36 51 34 402 403 404 405 198 406 
36 37 38 39 40 19 
36 37 38 39 40 19 
36 37 38 39 40 19 
36 198 358 359 360 105 269 361 309 
36 37 38 39 40 19 
36 393 168 383 383 384 385 
36 51 34 402 403 404 405 198 406 
36 393 168 383 383 384 385 
36 198 358 359 360 105 269 361 309 
36 37 38 39 40 19 
36 206 207 208 209 105 95 
36 206 207 208 209 105 95 
36 367 357 295 354 355 51 34 
36 367 357 295 354 355 51 34 
379 380 381 36 342 40 343 137 
36 51 34 402 403 404 405 198 406 
36 367 357 295 354 355 51 34 
36 367 357 295 354 355 51 34 
36 342 40 343 137 345 346 
36 393 168 383 383 384 385 
36 393 168 383 383 384 385 
36 342 40 343 137 345 346 
36 393 168 383 383 384 385 
36 51 34 402 403 404 405 198 406 
36 297 298 370 105 161 
36 367 357 295 354 355 51 34 
36 393 168 383 383 384 385 
36 297 298 370 105 161 
36 342 40 343 137 345 346 
36 342 40 343 137 345 346 
36 393 168 383 383 384 385 
36 342 40 343 137 345 346 
36 342 40 343 137 345 346 
36 393 168 383 383 384 385 
36 393 168 383 383 384 385 
36 393 168 383 383 384 385 
36 175 176 168 178 19 
36 393 168 383 383 384 385 
36 393 168 383 383 384 385 
36 393 168 383 383 384 385 
36 393 168 383 383 384 385 
36 175 176 168 178 19 
36 175 176 168 178 19 
36 393 168 383 383 384 385 
36 393 168 383 383 384 385 
36 393 168 383 383 384 385 
36 393 168 383 383 384 385 
36 393 168 383 383 384 385 
36 393 168 383 383 384 385 
36 297 298 370 105 161 
36 297 298 370 105 161 
36 393 168 383 383 384 385 
36 206 207 208 209 105 95 
36 393 168 383 383 384 385 
36 393 168 383 383 384 385 
36 393 168 383 383 384 385 
36 206 207 208 209 105 95 
36 37 38 39 40 19 
36 37 38 39 40 19 
36 393 168 383 383 384 385 
36 342 40 343 137 345 346 
36 367 357 295 354 355 51 34 
36 37 38 39 40 19 
36 393 168 383 383 384 385 
36 393 168 383 383 384 385 
36 367 357 295 354 355 51 34 
36 297 298 370 105 161 
36 297 298 370 105 161 
36 198 358 359 360 105 269 361 309 
36 198 358 359 360 105 269 361 309 
36 198 358 359 360 105 269 361 309 
36 198 358 359 360 105 269 361 309 
36 198 358 359 360 105 269 361 309 
36 198 358 359 360 105 269 361 309 
36 75 175 1 407 408 409 111 13 410 
36 411 209 168 178 412 413 417 414 415 418 
36 411 209 168 178 412 413 420 414 415 421 
