9 1352 
9 1352 
9 1352 
9 1352 
9 1352 
9 1352 
9 1352 
9 1352 
165 1353 1354 1352 
9 1352 
1355 9 1352 
6 9 1352 
6 9 1352 
1356 211 1357 136 263 102 1352 574 
9 1352 
844 1358 1359 830 1360 116 7 564 1353 1352 
1361 6 7 610 377 8 1352 
446 1361 1362 610 377 8 1352 
446 1361 1362 610 377 8 1352 
9 1352 
377 6 8 1363 47 105 163 692 204 1352 
377 6 8 1363 47 105 163 692 204 1352 
446 1361 6 7 610 377 8 1352 
27 618 1364 211 1352 
27 618 1364 211 1352 
1361 7 610 1353 1365 
446 1361 6 7 610 377 8 1352 
1361 6 7 610 383 1365 1366 
446 1361 6 7 610 377 8 1352 
446 1361 6 7 610 377 8 1352 
446 1361 6 7 610 377 8 1352 
446 1361 6 7 610 377 8 1352 
446 1361 1362 610 377 8 1352 
377 6 8 1363 47 105 163 692 204 1352 
446 1361 1362 610 377 8 1352 
377 6 8 1363 47 105 163 692 204 1352 
377 6 8 1363 47 105 163 692 204 1352 
188 512 116 105 1367 1352 202 1368 
188 512 116 105 1367 1352 202 1368 
446 1361 1362 610 377 8 1352 1369 
9 835 165 1352 
27 618 1364 211 1352 
919 377 1247 224 1370 1371 1365 
446 1361 6 7 610 377 8 1352 
986 1372 168 1373 1374 8 321 1352 
377 6 8 1363 47 105 163 692 204 1352 1369 
919 377 1247 224 1370 1371 1365 
1354 1375 31 1107 1352 1376 
27 618 1364 211 1352 
1352 574 16 6 
1352 574 1377 6 
168 1378 130 132 1379 377 1352 
919 377 1247 224 1370 1371 1365 
27 618 1364 211 1352 
27 1364 211 1352 
446 1361 1362 610 377 8 1352 
377 6 8 1363 47 105 163 692 204 1352 
1380 1381 1382 199 1371 1365 
188 512 116 105 1367 1352 202 1368 
9 1352 
9 1352 835 165 
165 1353 1354 1352 
168 1373 71 1371 1365 
377 1383 1384 467 1371 1365 
377 1383 1384 467 1371 1365 
6 9 1352 
446 1361 6 7 610 377 8 1352 
168 105 908 1385 1386 1352 
153 756 224 1387 1352 
796 112 202 1388 1352 
1356 202 286 1352 
17 377 165 625 1352 
147 6 1352 
1389 480 820 1390 1352 
1390 898 6 1391 1352 1392 
202 147 634 504 31 334 16 1352 
919 1382 1393 71 1371 1365 
919 1382 1393 71 1371 1365 
919 1382 1393 71 1371 1365 
902 918 1394 576 136 105 47 163 768 1352 1395 
902 918 1394 576 136 105 47 163 768 1352 
188 512 116 105 1367 1352 202 1368 
188 512 116 105 1367 1352 202 1368 
27 618 6 26 211 1352 
165 6 1354 807 574 1396 1352 
188 512 116 105 1397 1367 202 1368 165 1352 
188 512 116 105 1397 1367 202 1368 165 1352 
9 1352 
165 6 1354 807 574 1396 1352 
9 1352 835 165 
9 1352 835 165 
9 1352 835 165 
6 1398 168 163 1399 9 1352 
6 1398 168 163 1399 9 1352 
6 1398 168 163 1399 9 1352 
1380 805 1400 165 71 1371 1365 
1380 805 1400 165 71 1371 1365 
9 1352 835 165 
9 1352 835 165 
9 1352 835 165 
224 75 1401 1402 1352 50 53 
224 75 1401 1402 1352 50 53 
224 75 1401 1402 1352 50 53 
165 6 9 321 269 681 661 685 34 1352 
354 258 105 1403 1404 1405 1352 
1406 258 47 1403 1404 1405 1352 
902 918 1394 576 136 105 47 768 104 1352 
1407 1216 128 71 357 1371 1365 
9 1352 835 165 
1407 1216 128 71 357 1371 1365 
9 1352 
9 1352 
9 1352 
6 31 17 334 377 1352 
6 31 17 334 377 1352 
188 512 116 105 1367 1352 202 1368 
9 1408 165 1409 1410 576 1352 
803 1411 1352 
803 1411 1352 
44 1073 1412 1413 1411 1352 
1411 1352 
44 1073 1412 1413 1411 1352 
44 1073 1412 1413 1411 1352 
44 1073 1412 1413 1411 1352 
44 1073 1412 1413 1411 1352 
803 1411 1352 
44 1073 1412 1413 1411 1352 
803 1411 1352 
803 1411 1352 
803 1411 1352 
803 1411 1352 
803 1411 1352 
803 1411 1352 
803 1411 1352 
803 1411 1352 
803 1411 1352 
803 1411 1352 
803 1411 1352 
1411 1414 188 919 211 1352 
1411 1414 188 919 211 1352 
9 1352 
9 1352 
9 1352 
9 1352 
1411 1414 188 919 211 1352 
803 1411 1352 
9 1352 
803 1411 1352 
803 1411 1352 
168 105 908 1385 1386 1352 
168 105 908 1385 1386 1352 
153 756 224 1387 1352 
202 1349 1194 1086 1415 1194 1352 
202 1349 1194 1086 1415 1194 1352 
153 756 224 1387 1352 
136 1389 251 1416 803 1352 
136 1389 251 1416 803 1352 
803 1411 1352 
220 1417 1389 1418 961 9 1352 
220 1417 1389 1418 961 9 1352 
9 1352 
6 1398 168 163 1399 9 1352 
625 1419 944 6 1352 
269 512 1420 1421 625 522 1352 
522 1422 1423 1424 1420 347 1425 1426 1352 
1427 1366 269 512 1420 1421 625 522 818 1352 
269 512 1420 1421 625 522 1352 
269 512 1420 1421 625 522 1352 
269 512 1420 1421 625 522 1352 
269 512 1420 1421 625 522 1352 
1428 1429 1070 1 1430 1352 
1428 1429 1070 1 1430 1352 
269 512 1420 1421 625 522 1352 
820 926 1431 1352 
625 1419 944 6 1352 
286 1432 965 1307 1433 1365 
354 258 105 1403 1404 1405 1352 
1434 1435 1436 765 926 662 647 1352 
354 258 105 1403 1404 1405 1352 
287 1437 377 147 1352 
1438 1439 1440 1441 1352 
1438 1439 1440 1441 1352 
1405 1442 46 147 1411 1443 269 1444 1445 1352 
1405 1442 46 147 1411 1443 269 1444 1445 1352 
1405 1442 46 147 1411 1443 269 1444 1445 1352 
1405 1442 46 147 1411 1443 269 1444 1445 1352 
1406 258 47 1403 1404 1405 1352 
1435 701 1446 1447 647 1352 
1448 1449 1450 1451 1452 1453 1454 1352 
269 512 1420 1421 625 522 1352 
1434 1435 1436 765 926 662 647 1352 
188 919 1377 222 970 1455 1456 1352 
188 919 1377 222 970 1455 1456 1352 
188 919 1377 222 970 1455 1456 1352 
188 919 1377 222 970 1455 1456 1352 
188 919 1377 222 970 1455 1456 1352 
188 919 1377 222 970 1455 1456 1352 
188 919 1377 222 970 1455 1456 1352 
1457 1458 820 1352 
188 919 1377 222 970 1455 1456 1352 
188 919 1377 222 970 1455 1456 1352 
188 919 1377 222 970 1455 1456 1352 
1435 701 1446 1447 647 1352 
1434 1435 1436 765 926 662 647 1352 
1435 701 1446 1447 647 1365 
86 1459 887 1460 287 269 1352 1461 
86 1459 887 1460 287 269 1352 
1434 1435 1436 765 926 662 647 1352 
86 1459 887 1460 287 269 1352 
336 1 168 147 220 383 163 1462 1352 
336 1 168 147 220 383 163 1462 1352 
1435 701 1446 1447 647 1365 
1434 1435 1436 765 926 662 647 1352 
902 918 1394 576 136 105 47 768 104 1352 
103 197 545 1063 116 178 104 631 1463 1352 
1435 701 1446 1447 647 1365 
1434 1435 1436 765 926 662 647 1352 
188 919 377 222 970 1464 1455 1465 1352 
188 919 377 222 970 1464 1455 1465 1352 
188 919 377 222 970 1464 1455 1465 1352 
188 919 377 222 970 1464 1455 1465 1352 
168 105 908 1385 1386 1352 
542 287 1437 377 970 147 1352 
1435 701 1446 1447 1352 
542 287 1437 377 970 147 1352 
202 1349 1194 1086 1415 1194 1352 
1435 701 1446 1447 1352 
202 1349 1194 1086 1415 1194 1352 
1434 1435 1436 765 926 662 647 1352 
1405 1442 46 147 1411 1443 269 1444 1445 1352 
1405 1442 46 147 1411 1443 269 1444 1445 1352 
168 1466 120 1467 1468 1469 1470 1352 
71 1471 1472 251 545 383 1352 
354 258 105 1403 1404 1405 1352 
1473 1474 1475 890 1476 341 1352 
1477 1478 1479 90 1352 1480 
1435 701 1446 1447 647 1365 
829 109 958 1352 71 1481 
829 109 958 1352 71 1481 
6 658 136 9 1352 
625 1419 944 6 1352 
6 658 136 9 1352 
377 617 1352 
1435 701 1446 1447 647 1365 
9 1352 
902 918 1394 576 136 105 47 768 104 1352 
168 1378 130 132 1379 377 1352 
168 1378 130 132 1379 377 1352 
1473 1474 1475 890 1476 71 341 1352 
1482 1198 1483 1353 1352 
3 1484 71 16 836 542 1480 1352 
1482 1198 1483 1353 1352 
188 512 116 105 1367 1352 202 1368 
9 1352 
1485 1486 1487 147 1352 
669 1488 17 542 1489 1490 1352 
1491 932 12 1492 1352 
1493 701 1446 1447 647 1365 
446 377 6 919 8 1352 
202 1494 285 419 493 591 147 1365 
202 1494 285 419 493 591 147 1365 
220 534 1352 
1435 701 1446 1447 647 1365 
1495 919 71 1352 1496 
9 1352 835 165 
1497 1498 1499 1500 1365 1501 945 1502 
1435 701 1446 1447 647 1365 
1435 701 1446 1447 647 1365 
1473 1474 1475 890 1476 136 341 1352 
1473 1474 1475 890 1476 136 341 1352 
1473 1474 1475 890 1476 136 341 1352 
9 16 147 542 165 1352 
1473 1474 1475 890 1476 136 341 1352 
1435 701 1446 1447 647 1365 
1503 1504 1352 
1435 701 1446 1447 647 1365 
1435 701 1446 1447 647 1365 
377 251 1421 1352 
1435 701 1446 1447 647 1365 
1435 701 1446 1447 647 1365 
1473 1474 1475 890 1476 71 341 1352 
1473 1474 1475 890 1476 71 341 1352 
233 1505 750 1506 1507 1352 
287 1437 377 147 1352 
1366 233 1505 750 1506 1507 1352 
1508 1509 1510 1511 66 28 1512 1349 1513 1365 
1435 701 1446 1447 647 1365 
491 9 1365 
188 512 116 105 1367 1352 202 1368 
104 1017 188 1514 1515 1516 1087 1517 1365 
165 1518 109 155 1352 1519 
165 1518 109 155 1352 1519 
692 1520 1521 617 945 63 202 1352 
1435 701 1446 1447 647 1352 
1522 1015 1523 9 361 1524 1525 1526 1527 1528 1352 
1435 701 1446 1447 647 1365 
669 887 1529 1352 1530 
