3449 2998 3472 130 132 3473 3474 
3449 2998 3472 130 132 3473 3474 
3449 2998 3472 130 132 3473 3474 
3449 2998 3472 130 132 3473 3474 
3449 2998 3472 130 132 3473 3474 
3449 2998 3472 130 132 3473 3474 
3449 2998 3472 130 132 3473 3474 
3449 2998 3472 130 132 3473 3474 
3449 2998 3472 130 132 3473 3474 
2613 130 1324 130 383 286 1391 
1391 165 188 16 2495 130 132 241 
1391 165 2495 269 3479 16 
2613 130 1324 130 383 286 1391 
1561 562 563 3481 109 1708 1391 
130 132 2980 893 66 1391 168 
377 6 1324 130 132 2259 2418 3158 1585 1019 1391 
750 3485 2778 165 673 3477 1391 
1361 66 7 610 3489 1391 
1391 1477 1970 1377 1179 1421 970 
446 3473 3073 2998 
1391 549 2164 828 2492 130 820 790 
446 3473 3073 2998 
3449 1391 618 2582 3126 
3449 1391 618 2582 3126 
1646 16 1254 1574 1391 
220 1362 
3449 1391 618 2582 3126 
3449 1391 618 2582 3126 
3489 1391 3436 2671 938 269 222 3493 
446 3473 3073 2998 
446 3473 3073 2998 
2475 1382 1324 8 3494 2998 
446 3473 3073 2998 
1391 3368 1643 7 
1391 3368 1643 7 
1391 3368 1643 7 
1391 1477 1970 1377 1179 1421 970 
877 330 2959 3496 136 1391 
820 122 112 1391 
3449 1391 618 2582 3126 
3449 1391 618 2582 3126 
36 2438 357 1391 
165 214 377 574 1391 
1694 385 3500 220 1417 377 1391 
778 3501 3502 1391 3368 
1391 1477 1970 1377 1179 1421 970 
3449 1391 618 2582 3126 
36 2438 357 1391 
1646 16 1254 1574 1391 
1361 66 7 610 3489 1391 
263 102 165 2582 3126 1391 
1688 116 1391 
1688 116 1391 
1614 36 2438 357 1391 1708 
1688 116 1391 
66 7 610 165 92 1391 
1361 66 7 610 3489 1391 
1361 66 7 610 3489 1391 
1391 618 522 506 66 3504 
1391 618 522 506 66 3504 
9 334 1391 2459 
1391 1033 109 2384 115 3477 
446 2023 232 1391 
542 3436 2666 1361 1391 2414 1417 
462 1328 1451 1391 
446 2023 232 1391 
1361 1391 1353 1324 8 
1769 165 1324 8 46 
1391 579 522 506 66 3504 
3506 336 168 163 681 165 1391 1340 
1495 1561 338 3486 1518 3477 1391 
3507 1760 3449 1391 618 2582 3126 
781 1495 286 376 1391 
1769 165 1324 8 46 
2697 462 1391 
2697 462 1391 
2697 462 1391 
2697 462 1391 
1391 165 2495 269 3479 16 
2697 462 1391 
2697 462 1391 
2697 462 1391 
2697 462 1391 
2697 462 1391 
2697 462 1391 
3449 1391 618 2582 3126 
3449 1391 618 2582 3126 
1561 562 563 3481 109 1708 1391 
1066 3513 468 66 1291 17 1391 
1391 165 2495 269 3479 16 
2123 6 1391 
1495 1561 338 3486 1518 3477 1391 
835 965 430 944 1391 
446 2023 232 1391 
835 965 430 944 1391 
1769 1382 1469 
3074 3449 1391 618 2582 3126 
3074 3449 1391 618 2582 3126 
512 152 2122 233 1391 
512 152 2122 233 1391 
1279 31 263 102 3514 1391 
1391 165 16 2495 130 132 241 
1614 796 1405 2156 168 796 1405 534 1391 
109 2384 2998 
781 1495 286 376 1391 
1391 1768 752 
1614 3449 1391 618 3126 
1391 1033 109 2384 115 3477 
1391 3473 66 1521 3518 607 
1614 2697 462 1391 
1614 2697 462 1391 
870 1165 122 3516 2077 1848 1073 2122 233 1391 
6 9 1391 
1391 669 1 3520 218 
9 1391 
1377 2712 2514 1463 1362 
1075 1362 
103 1768 116 47 47 574 232 1769 
3489 1391 
2962 1230 152 2122 233 1391 
1487 276 105 473 625 1367 163 1391 
1769 1382 
3473 66 1521 3518 607 925 1868 1521 905 1391 3521 
1391 165 377 
1487 276 105 473 625 1367 163 1391 
1382 3044 3137 130 132 1391 
512 152 2122 233 1391 
2697 462 1391 
3525 404 522 241 209 168 411 796 1405 1362 
756 6 858 1476 3526 2658 1362 
377 796 1405 222 610 680 3529 290 2446 1391 
238 334 202 475 591 1853 1391 
265 2996 3530 3531 263 102 669 1488 542 1391 
564 3532 1847 84 829 1357 1391 
9 1391 3534 
1391 147 1521 383 
116 1769 
130 2776 377 1769 3535 
3536 27 1286 1362 
1391 147 1521 383 
1361 7 610 1769 
1361 1391 165 377 
3537 1019 2748 1391 
1361 1391 165 377 
3538 1579 579 620 625 1391 
1944 43 376 1362 1693 
1272 16 1324 130 132 1391 
1361 1391 165 377 
542 377 725 1391 
3537 1019 2748 1391 
377 406 796 919 1362 
122 104 233 1649 3540 1391 1371 
781 1495 286 376 1391 
122 104 233 1649 3540 1391 1371 
233 1649 2447 1391 
1285 209 103 1324 130 2420 377 2776 265 1391 
153 1 3544 1964 1391 
1379 3543 6 9 165 1391 
617 2586 734 284 929 1391 
1391 579 522 506 66 3504 
8 377 6 2998 
1379 3543 6 9 165 1391 
658 28 3545 88 1391 
617 2586 734 284 929 1391 
2371 3546 3547 2372 3548 377 6 1391 
782 16 65 1391 1371 
233 1649 2447 1391 
36 286 233 967 1466 1945 1901 1391 
233 1649 2447 1391 
147 692 204 534 1669 1460 1391 
36 286 116 105 2587 1945 1901 473 574 1391 
1361 1391 871 6 1681 
796 270 406 165 3544 1391 
781 1495 286 376 1391 
1391 579 522 506 66 3504 
6 1382 1391 564 2582 
6 1382 1391 564 2582 
796 112 202 1388 1391 
8 377 6 2998 
8 377 6 2998 
1391 820 17 1404 796 1405 
446 377 335 1604 1391 
3553 116 3554 71 1958 1769 574 
3553 116 3554 71 1958 1769 574 
625 444 3555 1667 2190 202 1353 1391 
1324 8 377 6 2998 
1495 286 376 1391 
1495 286 376 1391 
625 444 3555 1667 2190 202 1353 1391 
503 1768 1371 1391 
1391 579 522 506 66 3504 
17 334 47 105 136 692 204 1391 
752 2762 2674 1769 
220 1417 377 6 1391 564 
1381 3558 1371 1391 
1473 476 1267 3483 2762 28 674 1391 1605 
2589 2590 430 572 1411 1362 
1367 680 290 163 681 3560 1391 
2122 233 1371 1391 
1361 2998 430 1357 136 377 6 
1361 2998 430 1357 136 377 6 
1361 1769 153 1 8 46 2787 
1361 1362 610 3563 
1649 233 494 506 66 1769 
658 970 16 1391 
109 2475 1382 1324 8 1391 
263 147 71 1362 
147 692 204 534 1669 1460 1391 
3570 1372 1110 1382 3571 2998 
147 692 204 534 1669 1460 1391 
680 290 163 681 1391 
2396 2397 848 1391 
3575 105 1362 3573 218 
1900 576 130 1858 542 1362 3580 
3581 3585 3586 6 3587 1362 
1361 66 7 610 946 410 1391 
446 1361 1362 610 377 8 1352 
3589 1391 579 153 1 6 
1391 752 3592 168 1353 8 
945 109 2025 3593 306 112 1391 
438 6 2996 2997 2998 1411 
1362 610 438 168 
8 549 377 224 1980 1391 3595 
1391 265 2996 1230 1388 
1361 1769 75 647 6 1391 
1477 3596 165 323 1391 
1361 1391 576 2193 3597 1858 31 334 3598 
1361 1391 610 619 647 3599 618 
16 265 1324 130 132 1391 
2402 828 1947 3586 2998 
6 9 1391 
6 9 1391 
3604 3605 1768 2106 604 1391 
2512 2508 3004 3005 2998 
3189 66 7 610 761 6 9 456 929 662 1391 
3589 1391 165 6 1412 
104 549 66 3609 848 6 1391 
1361 1391 579 153 1 6 
104 549 66 820 647 168 1361 1391 
1361 1769 75 647 6 1391 
3589 1391 579 153 1 6 
3606 3346 1155 3607 130 2420 2907 2776 1769 
446 3613 168 48 3614 224 6 1391 
104 549 66 3609 848 6 1391 
104 549 66 3609 848 6 1391 
1121 6 820 3126 1391 
1361 1391 
377 6 165 1391 3616 
945 109 2025 3593 306 112 1391 
945 109 2025 3593 306 112 1391 
1769 3622 1518 
419 262 1063 3623 3624 3625 2998 
446 1361 1362 610 377 8 1352 
1075 116 2267 579 1768 3626 1900 1391 
165 377 3627 265 835 1391 
8 132 925 130 132 377 6 1391 
2311 1769 1361 181 428 620 165 3633 
132 1727 3635 1391 3636 
1361 148 26 644 6 1391 
701 1475 224 3637 3256 1391 
12 534 462 3638 6 1391 
12 534 462 3638 6 1391 
1361 66 7 610 946 410 1391 
487 26 6 1354 1353 574 1391 
284 285 1361 7 610 3641 1769 
2998 165 1 
2998 165 1 
3645 796 17 383 3646 1391 
1407 918 2749 2750 1075 1391 
945 109 2025 3593 306 112 1391 
945 109 2025 3593 306 112 1391 
165 6 8 319 3651 3652 1769 
1391 8 553 8 286 
1391 165 9 284 285 218 
487 26 6 1354 1353 574 1391 
1099 1372 168 1109 6 104 3664 410 8 1391 
1082 175 168 1 16 66 2106 3665 1391 
1361 1362 610 6 66 3666 
1361 1362 610 6 66 3666 
1361 1362 610 6 66 3666 
1082 175 168 1 16 66 2106 3665 1391 
923 2023 970 168 6 1391 
1 1430 1769 
2023 224 41 168 1362 
1391 1390 28 3653 3654 591 3489 3655 1089 3656 
1391 1390 28 3653 3654 591 3489 3655 1089 3656 
1691 1460 198 1769 
7 610 945 109 2025 3593 306 112 1391 
377 251 243 1 970 237 1391 
2973 473 1391 
1669 1460 3669 1694 272 1391 
945 109 2025 3593 306 112 1391 
945 109 2025 3593 306 112 1391 
233 1649 2447 1391 
1361 2998 165 1367 8 68 
1285 3639 168 243 233 3640 1391 
1361 1391 1652 224 168 
1361 1769 2106 604 165 1 1430 6 
265 2996 725 377 6 165 1391 
1769 986 1372 168 1373 104 1251 
1082 175 168 1 16 66 2106 3665 1391 
2311 1769 1962 670 
1361 7 610 1391 
943 3672 2662 8 321 6 3673 1391 
7 610 579 377 1769 
1082 175 168 1 16 66 2106 3665 1391 
233 1649 2447 1391 
945 109 2025 3593 306 112 1391 
662 1384 2432 130 2420 8 1391 
1361 2998 165 6 
828 2622 6 1516 487 334 487 1769 
2510 685 3677 3678 6 1391 
8 549 377 224 1980 1391 
1614 1121 6 1391 
3681 3682 3683 3684 3685 3686 1391 3687 
1361 1391 3688 701 3689 1073 2576 6 
1361 1391 3688 701 3689 1073 2576 6 
8 549 377 224 1980 1391 
945 109 2025 3593 306 112 1391 1769 
781 1495 286 376 1391 
1495 189 820 109 2025 165 1391 
446 1361 1362 610 377 8 1352 
945 109 2025 3593 306 112 1391 1361 
1940 9 1391 
165 16 1019 1391 
17 334 1391 
446 410 130 1469 647 1769 
1 1430 6 625 376 863 929 1769 
1 1430 6 625 376 863 929 1769 
1681 1901 6 1354 26 1391 
670 828 1769 
1121 321 6 1769 3632 
1121 321 6 1769 3632 
1769 820 564 6 1382 
3589 1391 579 153 1 6 
1448 622 3 244 361 293 2998 
3699 2414 410 165 1391 
2519 6 3700 206 9 3701 2980 475 1391 
2519 6 3700 206 9 3701 2980 475 1391 
1769 88 2619 3162 66 820 280 
168 446 1241 8 6 164 2163 1361 1391 
3495 2998 2164 1353 1324 3702 
1361 1362 610 3679 130 2420 3703 
1254 2181 165 1391 
2529 233 263 102 807 168 105 1391 
1495 165 1391 3034 
1469 353 168 231 1 6 3651 1391 
781 1495 286 376 1391 
122 112 1391 
122 112 1391 
1391 2123 
1391 2123 
377 31 3422 542 2998 
2998 2450 6 265 2996 
1285 336 168 165 3307 1391 
1361 2998 47 105 692 204 104 
2023 1671 1753 251 165 1391 
781 1495 286 376 1391 
1391 2123 
1361 66 7 610 1 1391 
9 1241 7 1727 1391 2824 
2998 3710 1668 3711 
3699 2414 410 165 1391 
1769 1668 2495 5 3712 123 2897 
2475 6 1382 574 8 321 1391 
2562 3714 204 3715 168 1109 848 542 1391 3059 
632 2105 2122 8 3651 1769 
2410 3716 165 2265 3717 1521 542 1769 
1361 2998 3718 6 
47 105 163 692 204 1391 
1391 2123 
1391 2123 
3723 165 1391 
3137 265 3726 2197 233 6 1694 1391 
1082 175 168 1 16 66 2106 3665 1391 
1324 8 1230 2936 265 165 2998 
446 329 3727 1372 198 1109 1412 104 1340 1362 
1324 130 132 73 5 1 1627 6 2998 
1324 130 132 73 5 1 1627 6 2998 
6 3051 2921 377 8 3123 1391 
165 3137 265 1328 1362 
1361 1391 377 2776 6 
1361 1391 377 2776 6 
1361 1391 377 2776 6 
1361 1391 377 2776 6 
1361 1391 377 2776 6 
1361 1391 1324 66 8 1625 377 139 3733 
1121 1033 542 1362 3734 
3539 165 109 6 1391 
1361 1391 1667 377 139 670 
3589 1391 579 153 1 6 3034 
6 574 1389 1391 
781 1367 168 163 681 286 376 1391 
945 109 2025 3593 306 112 1391 
430 2694 1391 
1391 1643 7 563 6 165 
3740 3741 790 3742 3743 658 1391 
306 112 1362 
1361 1391 377 2776 6 
3102 1681 1901 6 2671 1391 
1361 1391 377 2776 6 
1769 165 1121 1110 321 237 
1412 2503 3747 1372 198 3748 1372 224 6 2947 3749 1509 1391 
1361 1689 1391 835 1643 7 3219 
3589 1391 579 153 1 6 
168 6 218 1391 
1361 1391 579 153 1 6 
1391 165 66 7 2424 
251 1121 168 102 848 1391 
781 1367 168 163 681 286 376 1391 
3645 796 17 383 3646 1391 
781 1367 168 163 681 286 376 1391 
820 109 2025 165 1391 
820 109 2025 165 1391 
1769 165 1070 168 1 
1101 2998 12 965 168 
1625 576 1324 1858 8 2776 438 1362 
1361 1391 165 1121 1 6 
1361 1689 1391 835 1643 7 3219 
3240 3755 2684 1440 1328 2119 6 1769 
1769 109 625 
863 165 8 9 1391 
109 6 1391 
1343 3758 3759 1362 
306 112 1391 
2973 6 2414 410 3044 3449 1391 
1361 1689 1391 835 1643 7 3219 
9 1241 7 1727 1391 2824 
446 1945 168 967 233 2503 750 1391 
1362 610 377 2973 2888 
3765 269 197 168 6 8 321 1391 
3765 269 197 168 6 8 321 1391 
165 1460 6 1769 
553 17 1389 251 1668 406 542 1769 
1391 165 6 564 
321 498 1769 
168 1373 6 284 285 2804 1570 1391 
553 17 1389 251 1668 406 542 1769 
1391 284 13 410 8 
2947 3768 104 1373 3769 3770 771 632 1391 
1354 26 1769 
2023 168 1406 1391 
1361 66 7 610 946 410 1391 
1361 66 7 610 946 410 1391 
1361 66 7 610 946 410 1391 
1361 66 7 610 3772 377 848 1391 
1361 66 7 610 946 410 1391 
1361 66 7 610 946 410 1391 
1361 66 7 610 946 410 1391 
1361 66 7 610 946 410 1391 
1361 66 7 610 946 410 1391 
1361 66 7 610 946 410 1391 
1361 66 7 610 946 410 1391 
1361 66 7 610 946 410 1391 
1361 66 7 610 946 410 1391 
617 323 6 1391 3773 
1391 284 13 410 8 
1391 6 1382 8 
945 109 2025 3593 306 112 1391 
945 109 2025 3593 306 112 1391 
168 1404 1324 6 8 1769 
2882 3776 945 3777 1624 2122 1451 233 1391 
2882 3778 28 3785 674 790 3786 1391 
2508 168 1858 1625 1980 130 8 1391 
1391 199 1643 7 1452 165 
2998 8 
1361 66 7 610 946 410 1391 
1361 66 7 610 946 410 1391 
1361 1769 782 2613 130 2420 218 
3214 1769 1531 965 
446 1361 1769 377 
1769 820 965 9 8 
2151 163 3788 8 1362 
2947 756 2518 6 1398 3749 1509 1391 
1769 820 965 9 8 
2998 2525 2726 3790 6 224 3065 3791 
168 1854 3774 251 1391 
2106 1473 6 1 1430 1625 1391 
2106 1473 6 1 1430 1625 1391 
105 47 692 3794 574 377 1391 
1559 202 574 618 965 202 1769 
1361 2998 3706 6 1901 
1599 1404 1490 1769 
2998 1643 7 6 265 2996 3628 224 
323 1109 265 1391 1681 
168 1 1627 6 848 1769 3240 
1391 2356 268 8 6 
1388 6 1391 
3799 28 3800 31 2077 8 1391 
3801 3802 168 104 1109 3803 3804 618 1391 
820 222 112 1391 
3801 3802 168 104 1109 3803 3804 618 1391 
1769 820 965 9 8 
542 3805 1361 1362 610 410 
542 3805 1361 1362 610 410 
8 2980 2998 
1361 1391 579 153 1 6 
165 109 564 1769 6 
1391 579 522 506 66 3504 
165 1558 1563 17 71 1362 
165 1558 1563 17 71 1362 
1495 944 286 376 1391 
3716 1391 3813 3716 1086 66 
1378 456 3524 491 202 574 1391 
3449 1391 3126 
3449 1391 3126 
1671 1672 3814 549 377 251 970 1391 
1720 970 165 377 251 237 1391 
1361 1391 109 1574 1417 970 
400 3514 1285 1 6 2998 
1918 28 3816 3817 317 202 1391 
3818 3819 3573 168 3820 8 682 1391 
542 3805 1361 1362 610 410 
3825 130 2420 66 195 1362 1391 6 3062 
152 377 1769 
9 1241 7 1727 1391 2824 
323 1109 265 1391 1681 
6 122 109 168 3053 1391 66 
1361 1689 1391 835 1643 7 3219 
112 153 1 6 1391 
6 122 109 168 3053 1391 66 
752 26 1354 807 1391 2788 
109 6 3399 3635 132 1727 1391 
2023 232 563 168 102 208 1391 3102 
1391 579 522 506 66 3504 
1720 970 165 377 251 237 1391 
1918 28 3816 3817 317 202 1391 
3527 197 41 178 1391 
1518 109 6 1391 3834 
1367 168 163 681 1391 
3836 3756 168 1109 6 2508 165 1391 3034 
1356 3837 1361 2998 2106 46 
945 109 2025 3593 306 112 1391 
446 3756 168 1109 6 2508 165 1391 3034 
1361 1391 109 1574 1417 970 
3645 796 17 383 3646 1391 
542 3805 1361 1362 610 410 
1 2850 944 1681 1371 1391 
165 109 1391 
1361 1391 377 6 1324 8 132 218 
3801 3802 168 104 1109 3803 3804 618 1391 
130 2420 66 195 6 1391 1769 1619 
168 265 6 3673 1121 1391 
376 503 3544 781 3635 1391 
165 8 672 2122 6 9 1073 1391 
1391 419 262 1063 3623 3624 3625 
1720 970 165 377 251 237 1391 
1361 2998 3706 6 1901 
1356 1272 3699 2563 523 3511 3597 835 8 848 1362 
3825 130 2420 66 195 1362 1391 6 3062 
3825 130 2420 66 195 1362 1391 6 3062 
130 2420 263 102 2776 6 1362 
446 3449 2998 835 929 84 
456 1388 3829 1362 
3847 2998 165 9 1 1430 2023 1121 
410 1391 
3848 31 334 16 1391 
1361 1391 579 153 1 6 
1681 1901 6 1354 26 2822 1391 
1361 1362 8 610 3849 1727 
286 944 574 835 1769 
1361 1391 284 285 139 
1361 1391 284 285 139 
1361 1391 284 285 139 
1361 1391 284 285 139 
1361 1391 284 285 139 
1361 1391 284 285 139 
1361 1391 109 1574 1417 970 
1361 1391 284 285 139 
904 395 534 1916 1705 251 1769 
3850 3851 3852 3853 2548 1391 
1361 1391 139 
1378 456 3524 491 202 574 1391 
3850 3851 3852 3853 2548 1391 
3854 631 3855 3042 574 820 1209 1769 
92 1038 3857 92 679 1391 155 3858 3859 
1681 1901 6 1354 26 2822 1391 
7 361 3860 3449 3103 6 1362 
6 8 1558 1391 3834 
1391 1668 719 6 8 168 102 
6 1176 3063 3064 624 327 1391 
130 2420 263 102 2776 6 1362 3861 
377 2973 2888 1362 
377 2973 2888 1362 
377 2973 2888 1362 
1362 
579 63 6 1400 1625 2973 2998 
153 1 1391 
3866 2998 1237 165 377 
2998 3710 1668 3711 
2973 6 2414 410 3044 1361 1391 
1378 456 3524 491 202 574 1391 
918 1075 105 47 473 2555 1391 
1378 456 3524 491 202 574 1391 
2998 165 188 3457 236 2324 136 16 3868 
3844 574 2569 202 828 1667 1769 
2998 1643 7 168 16 
1378 456 3524 491 202 574 1391 
617 3074 2671 6 3869 269 2913 3870 1391 
27 165 6 8 1211 1204 752 1916 1391 
1391 1668 719 6 8 168 102 
3871 723 6 1769 3872 
3449 2998 1 1430 2973 679 304 
3676 965 944 1391 
617 3074 2671 6 3869 269 2913 3870 1391 
165 3074 3881 3412 3074 1391 3034 
1361 1391 446 1324 8 130 132 377 165 
1361 1391 446 1324 8 130 132 377 165 
824 3882 6 321 1362 
3507 3883 168 3629 3689 2220 168 1391 3884 
1391 36 353 3885 3886 6 
3664 410 8 1391 
3664 410 8 1391 
1391 36 353 3885 3886 6 
3507 3883 168 3629 3689 2220 168 1391 3884 
3507 3883 168 3629 3689 2220 168 1391 3884 
1361 1391 1028 3756 168 1109 6 31 28 
1361 1391 1028 3756 168 1109 6 31 28 
1361 1391 446 1324 8 130 132 377 165 
1361 1391 820 1031 165 1382 
3507 3883 168 3629 3689 2220 168 1391 3884 
26 6 26 102 1391 
624 224 6 3069 1362 
1391 36 353 3885 3886 6 
6 3048 3137 265 31 334 130 1391 
945 109 2025 3593 306 112 1391 
904 36 397 241 411 1405 1769 
1361 1391 284 285 139 
26 6 26 102 1391 
1391 36 353 3885 3886 6 
820 3081 542 1362 1411 3082 
132 377 3903 6 2998 3896 
1361 2998 438 1121 
1361 2998 438 1121 
1681 1901 6 1354 26 1391 
1361 2998 438 1121 
123 1391 284 285 1388 2936 6 
3911 8 132 1391 
109 263 102 1391 3087 172 
2501 168 2414 410 334 2106 46 1391 
3911 8 132 1391 
132 377 3903 6 2998 3896 
1134 491 6 323 1769 
1361 1769 168 164 104 3022 2973 
1391 1668 719 6 8 168 102 
168 6 1562 1391 
393 168 3918 2220 168 1373 377 1769 
1361 1362 8 610 3849 1727 
1667 377 165 1362 
2562 1019 2973 3915 3916 168 1328 2913 3917 6 1391 
12 723 6 1391 1972 1570 3919 
263 102 1769 
2023 1671 1753 251 165 1391 
109 1574 1417 970 1391 
945 109 2025 3593 306 112 1391 
542 3922 598 3438 617 28 3923 3924 2559 1362 
685 661 491 6 617 1391 8 
685 661 491 6 617 1391 3926 
781 1367 168 163 681 286 376 1391 
820 109 2025 165 1391 
1980 130 132 1052 66 369 1391 
2562 1019 2973 3915 3916 168 1328 2913 3917 6 1391 
3063 327 393 168 1391 
109 263 102 1391 3087 172 1593 
1391 36 353 3885 3886 6 
2117 2947 756 2518 1398 3928 3929 3098 1362 
6 122 109 168 3053 1391 66 
6 122 109 168 3053 1391 66 
224 233 231 2052 327 8 1391 
1361 1391 410 1324 8 132 3123 
265 848 2888 1408 1976 3941 624 1769 
1354 3299 1625 1391 3927 
1223 3942 3688 2200 3943 3944 64 1521 3945 3946 1391 
265 2996 8 1625 1769 
3044 480 3679 265 1769 
1361 2998 438 1121 
1361 2998 438 1121 
1361 2998 438 1121 
782 1625 8 1391 6 
109 6 1362 3948 218 3878 3949 3950 
3472 130 132 3473 3474 1391 
3472 130 132 3473 3474 1391 
2728 263 102 1291 3053 1391 
2759 711 1391 
168 3393 2973 130 3959 104 31 334 1391 
1285 336 286 16 1019 1391 
3693 3694 262 3625 336 1391 
2973 383 1769 
3854 631 3855 3042 574 820 1209 1769 
377 2973 2888 1362 
2023 970 168 410 1391 
1362 
222 3963 109 6 1769 
1324 130 2420 132 1475 168 199 1391 
1362 
222 3963 109 6 1769 
824 251 336 1391 
824 620 7 1944 187 188 3204 1017 1391 7 
553 534 1391 6 
1361 1769 165 6 8 1863 
446 168 1 1324 130 132 1367 1391 
1361 1391 130 132 286 
306 112 1391 
168 1391 3087 
945 109 2025 3593 306 112 1391 
410 116 2117 383 1391 
945 8 3013 88 3972 3973 835 1391 
1407 28 3974 790 1750 522 6 1391 
1407 28 3974 790 1750 522 6 1391 
1361 1391 2181 3047 658 
1361 1391 2181 3047 658 3976 3977 
1361 1391 2181 3047 658 
1361 1391 2181 3047 658 
1361 1391 2181 3047 658 
1391 553 66 725 335 1604 
1361 1391 2181 3047 658 
6 9 1391 
519 13 970 3975 1769 
519 13 970 3975 1769 
1391 165 893 6 
1681 1901 6 1354 26 3981 1391 
2998 3710 1668 3711 
3495 1769 165 139 1110 3982 
1391 286 265 1324 8 130 132 88 542 3983 3984 
222 3963 109 6 1769 
446 395 265 2414 3044 2998 
1361 1769 1599 8 820 334 
504 3512 17 3985 1 945 3986 130 1391 
105 47 377 803 1063 1391 
105 47 377 803 1063 1391 
105 47 377 803 1063 1391 
105 47 377 803 1063 1391 
105 47 377 803 1063 1391 
105 47 377 803 1063 1391 
105 47 377 803 1063 1391 
105 47 377 803 1063 1391 
105 47 377 803 1063 1391 
105 47 377 803 1063 1391 
105 47 377 803 1063 1391 
105 47 377 803 1063 1391 
105 47 377 803 1063 1391 
105 47 377 803 1063 1391 
105 47 377 803 1063 1391 
105 47 377 803 1063 1391 
105 47 377 803 1063 1391 
105 47 377 803 1063 1391 
105 47 377 803 1063 1391 
105 47 377 803 1063 1391 
105 47 377 803 1063 1391 
105 47 377 803 1063 1391 
105 47 377 803 1063 1391 
105 47 377 803 1063 1391 
105 47 377 803 1063 1391 
105 47 377 803 1063 1391 
105 47 377 803 1063 1391 
105 47 377 803 1063 1391 
105 47 377 803 1063 1391 
105 47 377 803 1063 1391 
105 47 377 803 1063 1391 
105 47 377 803 1063 1391 
105 47 377 803 1063 1391 
105 47 377 803 1063 1391 
105 47 377 803 1063 1391 
105 47 377 803 1063 1391 
105 47 377 803 1063 1391 
105 47 377 803 1063 1391 
105 47 377 803 1063 1391 
903 269 3522 1582 836 185 3989 3990 3991 3992 3993 1391 
105 47 377 803 1063 1391 
153 1 905 848 1391 
639 1391 3134 361 850 2747 9 3135 
3994 3995 2928 3996 1391 3997 1681 
1415 1769 824 2751 1434 3998 3999 4000 
1361 1362 610 165 4001 2424 6 
1361 1362 610 165 4001 2424 6 
1121 321 6 3872 1769 
617 4002 2150 306 1484 165 6 781 2998 
1391 1962 9 8 
233 231 327 1391 
1361 1362 610 165 4001 2424 6 
639 1769 4003 4004 
1415 1769 824 2751 1434 3998 3999 4000 
3044 4006 410 165 498 610 1391 
1391 1962 9 8 
1361 1391 2181 2500 3047 658 
4007 250 321 1291 1362 
1559 202 574 1417 1462 1579 1362 
945 109 2025 3593 306 112 1391 4008 
430 2694 1391 
430 2694 1391 
6 122 109 168 3053 1391 66 
7 4010 6 1362 1275 
3738 4012 4013 1362 
1367 168 163 681 286 376 1391 
3738 2220 4014 3825 1362 4015 1011 
294 1806 1362 3601 3602 3603 4017 4018 3644 
3738 1181 4019 3738 2220 2804 7 4013 1362 
31 1854 2832 542 1362 
820 1121 4021 1362 6 4022 
824 620 1984 4026 2788 1362 4027 
3495 2998 669 17 377 
377 2998 1411 3418 
407 4030 1355 1361 1391 549 4031 618 16 
722 1671 1672 168 617 756 2829 1391 
334 572 919 1075 36 1391 
945 109 2025 3593 306 112 1391 
970 335 1604 206 1440 632 1391 
1361 2998 265 2996 1230 3272 1906 165 
1361 2998 265 2996 1230 3272 1906 165 
175 168 1 3693 3694 3692 3691 262 1391 
4036 4037 335 4037 1916 155 4038 1391 
1391 618 109 
1391 618 109 
1361 66 7 610 958 620 109 887 1391 
658 970 1691 1460 2023 1754 1391 
130 132 286 1440 632 2495 658 1391 
1361 1391 122 112 
1769 16 65 136 542 
1769 16 65 136 542 
1769 16 65 136 542 
3425 1769 16 65 
1769 16 65 136 542 
1769 16 65 136 542 
1361 1391 122 112 4041 
1769 16 65 136 542 
1769 16 65 136 542 
1361 1391 446 3664 198 165 
1361 1391 446 3664 198 165 
1769 16 65 136 542 
3536 1769 647 136 9 
3536 1769 647 136 9 
1769 16 65 136 542 
3536 1769 647 136 9 
945 109 2025 3593 306 112 1391 
945 109 2025 3593 306 112 1391 
3536 1769 647 136 9 
1769 16 65 136 542 
1769 16 65 136 542 
1469 353 168 231 1 6 3651 1391 
945 109 2025 3593 306 112 1391 
1361 66 7 610 122 112 165 1391 
3527 197 41 165 1391 3795 
1361 1391 446 3664 198 165 
1361 1391 446 3664 198 165 
1460 2023 168 2123 109 1391 
1769 16 65 136 542 
3536 1769 647 136 9 
1361 1391 446 3664 198 165 
1361 1422 7 610 3527 197 41 152 1324 8 1391 
168 1769 6 
1361 1391 446 3664 198 165 
1361 1391 446 3664 198 165 
92 696 290 163 634 681 1391 
1361 1391 446 3664 198 165 
1361 1391 446 3664 198 165 
1391 16 6 
1391 16 6 
796 1367 680 290 163 681 1391 
165 16 17 2135 4050 1391 
1391 16 6 
1391 16 6 
1361 1391 446 3664 198 165 
3714 103 197 198 1671 1753 3631 624 104 1391 
1361 1391 446 3664 198 165 
3536 1769 647 136 9 
1361 1391 446 3664 198 165 
265 130 132 2888 132 1367 576 1488 1391 
1361 1391 446 3664 198 165 
1361 2998 669 168 102 4052 1488 
1391 945 3708 1354 26 
1361 1391 446 3664 198 165 
122 112 4054 1391 
945 109 2025 3593 122 112 1391 
1531 929 2919 1469 1391 
1391 945 109 2025 122 112 
2164 4055 4056 4057 1391 
3537 1019 2748 1391 
8 377 6 2998 
165 17 1391 
1391 16 6 
2998 820 4060 965 257 
1361 1391 446 3664 198 165 
1361 1391 165 1353 265 2996 
211 284 47 383 1391 
1769 16 65 136 542 
1460 4036 1086 2123 1391 
2528 109 2025 1391 
3527 197 41 4068 2210 1391 
4069 168 536 680 383 1391 
4069 168 536 680 383 1391 
3527 197 41 4068 2210 1391 
1361 1391 4070 2181 218 
594 1016 756 2829 4071 1391 
1361 1391 446 3664 198 165 
1361 1391 446 3664 198 165 
1361 1391 446 3664 198 165 
1361 1391 446 3664 198 165 
1361 1391 446 3664 198 165 
2311 1391 491 116 71 
1361 2998 165 1 9 
1391 1 
2916 2418 1475 251 233 2348 1391 
722 168 2533 549 363 1391 
1361 1391 446 3664 198 165 
3678 1391 
1361 1391 446 3664 198 165 
1361 1391 446 3664 198 165 
1324 130 8 2776 1440 632 3084 1278 377 1391 
3511 1469 2356 945 6 8 1361 1391 
3511 1469 2356 945 6 8 1361 1391 
3527 197 41 545 178 1362 
3527 197 41 178 1769 
109 1391 218 
1272 1374 130 132 1391 
306 112 1391 
211 1500 4077 4078 1391 
446 336 2533 1 986 310 986 336 168 2998 
2050 1362 4081 4082 1668 2569 263 102 218 
1361 1391 446 3664 198 165 
206 36 2998 
1361 1391 446 3664 198 165 
1272 130 132 2888 377 88 4083 4084 4085 4086 1391 
2586 1769 647 136 9 
206 36 2998 
28 4087 591 376 1391 1362 
1361 1391 446 3664 198 165 
1361 1391 446 3664 198 165 
1781 2677 919 1075 272 1769 
2998 820 4060 965 257 
796 112 202 1388 1391 
820 84 723 189 4089 887 1391 
4094 967 1945 243 4095 1901 1769 
1361 1391 446 3664 198 165 
658 1769 
658 1769 
1361 1391 446 3664 198 165 
1361 1391 446 3664 198 165 
1361 1391 446 3664 198 165 
1361 1391 446 3664 198 165 
1495 189 820 109 2025 165 1391 
1495 189 820 109 2025 165 1391 
1391 4096 16 
1614 1769 16 65 136 542 
16 66 1473 796 1565 4097 6 1769 
1468 132 632 66 1391 
1361 1391 446 3664 198 165 
1361 1391 446 3664 198 165 
1361 1391 446 3664 198 165 
1361 1391 446 3664 198 165 
1361 1391 446 3664 198 165 
1361 1391 446 3664 198 165 
1361 1391 446 3664 198 165 
669 3504 130 2420 8 999 1769 6 
669 3504 130 2420 8 999 1769 6 
1361 1391 446 3664 198 165 
1 271 122 112 1391 
5 1 2023 1671 1753 139 1391 
1361 1391 446 3664 198 165 
1361 1391 446 3664 198 165 
1361 1391 446 3664 198 165 
1361 1391 446 3664 198 165 
1361 1391 446 3664 198 165 
1361 1391 446 3664 198 165 
1361 1391 446 3664 198 165 
1361 1391 446 3664 198 165 
1361 1391 446 3664 198 165 
3511 1469 2356 945 6 8 1361 1391 
3511 1469 2356 945 6 8 1361 1391 
3511 1469 2356 945 6 8 1361 1391 
1361 1391 446 3664 198 165 
1361 1391 446 3664 198 165 
625 109 2025 4100 811 165 1391 
4101 1518 6 109 1391 
1361 1391 446 3664 198 165 
625 109 2025 4100 811 165 1391 
1362 165 377 398 2348 
377 6 2193 130 2420 132 905 2998 
1362 165 377 398 2348 
1391 165 109 1388 
618 168 102 1371 1391 
253 1768 383 1769 4103 
618 168 102 1371 1391 
130 132 153 1 4108 298 1391 4109 
1361 1391 3561 549 304 1863 4114 
377 2193 130 2420 132 576 2928 132 542 2998 
253 1768 383 1769 4103 
103 197 251 104 147 383 1391 
1671 1753 126 2023 1460 1121 1391 2592 1681 
28 4115 2661 31 1414 6 4116 1391 
28 4115 2661 31 1414 6 4116 1391 
4117 1637 1391 7 
3528 3567 66 1608 3568 3569 649 1391 1371 
945 109 2025 3593 306 112 1391 4118 
945 109 2025 3593 306 112 1391 4118 
1950 3293 8 3 16 1391 
1242 1391 
1242 1391 
1242 1391 
1242 1391 
1388 6 1362 3927 
