334 1757 211 95 464 4119 
4120 1757 896 1294 1548 464 95 227 
4120 1757 896 1294 1548 464 95 227 
334 1757 211 95 464 4119 
304 4121 4122 1485 562 1285 464 4123 
304 4121 4122 1485 562 1285 464 4123 
334 1757 211 95 464 4119 
4124 202 95 464 4123 4119 625 
1757 2125 1768 95 464 4119 
1757 2125 1768 95 464 4119 
464 2126 4125 1072 220 576 4126 4127 
4128 625 3384 2126 464 
4128 625 3384 2126 464 
4128 625 3384 2126 464 
679 4130 4131 2150 4132 4133 104 2826 118 464 
2273 105 4134 1445 4078 1176 464 
679 4130 4131 102 95 464 4119 
679 4130 4131 102 95 464 4119 625 
679 4130 4131 102 95 464 4119 
679 4130 4131 102 95 464 4119 
679 4130 4131 102 95 464 4119 4135 
679 4130 4131 102 95 464 4119 
679 4130 4131 102 95 464 4119 
4136 567 1049 17 63 464 
4139 464 2126 128 1567 522 503 692 503 
4140 4141 4142 2345 346 473 49 579 464 
464 
464 
679 4130 4131 102 95 464 4119 
220 127 464 4143 
464 55 792 2012 781 676 3055 357 
464 55 792 2012 781 676 3055 357 
269 1768 1287 406 1294 4144 4145 464 642 
188 1568 4146 188 464 4147 986 739 105 4148 595 
4149 1698 545 1554 464 642 4150 
1426 522 4151 4152 192 136 464 4150 
4149 1698 545 1554 464 642 
3424 614 4153 692 4154 834 4155 1698 224 4150 642 464 
4149 1698 545 1554 464 642 4150 
4149 1698 545 1554 464 642 4150 
1426 522 4151 4152 192 136 464 4150 
1426 522 4151 4152 192 136 464 4150 
4149 1698 545 1554 464 642 4150 
4149 1698 545 1554 464 642 4150 
1426 522 4151 4152 192 136 464 4150 
1426 522 4151 4152 192 136 464 4150 
3424 614 4153 692 4154 834 4155 1698 224 4150 642 464 
1426 522 4151 4152 192 136 464 4150 
4149 1698 545 1554 464 642 4150 
4149 1698 545 1554 464 642 4150 
4156 220 4150 642 464 
4149 1698 545 1554 464 642 4150 
1426 522 4151 4152 192 136 464 4150 
4149 1698 545 1554 464 642 4150 
1426 522 4151 4152 192 136 464 4150 
4156 220 4150 642 464 
23 60 679 136 66 38 201 464 4150 
1251 17 63 4157 464 4150 
1251 17 63 4157 464 4150 
269 4158 2136 4150 464 
4149 1698 545 1554 464 642 4150 
4128 625 3384 464 4150 4157 4159 
4149 1698 545 1554 464 642 4150 
1251 17 63 4157 464 4150 
4149 1698 545 1554 464 642 4150 
919 1599 105 1554 820 4160 464 396 
4128 625 3384 464 4150 4157 
4149 1698 545 1554 464 642 4150 
4149 1698 545 1554 464 642 4150 
1426 522 4151 4152 192 136 464 4150 
1389 134 1988 4019 4161 464 4150 
3424 614 4153 692 4154 834 4155 1698 224 4150 642 464 
1426 522 4151 4152 192 136 464 4150 
1426 522 4151 4152 192 136 464 4150 
1426 522 4151 4152 192 136 464 4150 
1251 17 63 4157 464 4150 
4128 625 3384 464 4150 4157 
4149 1698 545 1554 464 642 4150 
4149 121 571 119 464 2126 
4149 2320 2938 464 642 4150 
1478 1757 128 4165 464 
673 224 919 2273 109 189 464 
464 4150 642 1 4166 241 4167 
4168 4169 595 464 4150 
4128 625 3384 464 4164 
4170 36 395 1707 168 1740 51 346 1523 270 464 
1426 522 4151 4152 192 136 464 4150 
464 771 1711 1712 4043 1713 404 571 4171 1500 
4149 1698 545 1554 464 642 4150 
4156 220 4150 642 464 
4156 220 4150 642 464 
4149 1698 545 1554 464 642 4150 
952 4172 4173 739 105 4147 580 94 464 
642 464 669 3539 580 
26 4174 4149 580 94 464 
2163 4175 1855 4176 4150 464 
580 94 464 
4128 625 3384 464 4164 
804 38 1241 1679 464 642 
804 38 1241 1679 464 642 
4156 220 464 
55 4177 28 1233 3043 217 922 549 464 642 
4156 220 464 
1679 617 483 999 120 414 3124 4178 464 642 
373 66 573 843 4181 1980 562 563 464 
121 423 1241 4182 4183 357 536 642 464 
17 986 476 1142 464 4184 
4156 220 464 642 
17 986 476 1142 464 4184 
373 66 573 843 4181 1980 562 563 464 
1694 105 4185 1744 4186 4187 2079 1696 1636 464 
804 38 1241 1679 464 642 
986 871 4055 796 4188 464 642 
4156 220 464 
4156 220 464 
642 464 1744 4190 919 220 4191 
55 2650 154 493 144 642 464 
804 38 1241 1679 464 642 
55 2650 154 493 144 642 464 
55 2650 154 493 144 642 464 
642 464 1744 4190 919 220 4191 
4192 4172 4173 4147 986 739 105 986 685 464 642 4150 
4192 4172 4173 4147 986 739 105 986 685 464 4193 
2273 105 4185 1744 4186 4187 2079 1696 464 642 
2320 2938 464 642 
1698 545 1554 464 642 
804 38 1241 1679 464 642 
3424 614 693 692 4154 834 4155 1698 224 642 464 4194 
249 1534 4195 105 1554 464 642 
46 4196 105 48 1772 642 464 
46 204 1579 105 48 309 464 
464 46 1520 105 48 1772 309 
71 18 579 4150 464 
624 562 563 464 4197 1855 567 23 
1381 1732 817 1543 464 642 
577 4198 642 464 4150 2126 
577 4198 642 464 4150 2126 
424 36 771 4199 1316 464 
577 4198 642 464 4150 2126 
424 36 771 4199 1316 464 
4200 38 1296 60 464 
4201 3424 3323 1698 224 1733 642 464 
55 2167 2257 464 642 
642 464 1744 4190 919 220 4191 
238 1732 464 642 1733 4150 
1554 464 642 1733 396 
4156 220 464 
739 1554 464 642 4202 
1373 136 595 111 952 4172 4147 986 105 4203 739 105 464 
55 2650 154 493 144 642 464 
424 36 771 4199 1316 464 
395 1084 4204 754 464 642 1733 
4156 220 4150 642 464 
249 1534 1535 105 1536 464 642 
4156 220 4205 464 
4156 220 4205 464 
4156 220 4205 464 
4156 220 4205 464 
238 1732 464 1733 168 625 1734 567 116 
238 1732 464 1733 168 625 1734 
4156 220 4205 464 
13 134 286 41 4206 428 464 642 
13 134 286 41 4206 428 464 642 
209 102 1173 642 464 
639 65 102 2544 464 642 1733 4164 
639 65 102 2544 464 642 1733 4150 
1089 2136 139 377 4207 464 
1089 2136 139 377 4207 464 
55 334 1233 3043 217 922 549 464 
1089 2136 139 377 4207 464 
4208 4209 55 334 1233 3043 217 922 549 464 
1251 17 63 4157 464 4150 
3731 2126 4210 464 4211 
1251 17 63 4157 464 4150 
1251 17 63 4157 464 4150 
625 4213 2829 188 1076 96 136 1853 2282 464 
625 4213 2829 188 1076 96 136 1853 2282 464 
625 4213 2829 188 1076 96 136 1853 2282 464 
21 4214 4215 1964 804 464 642 1733 
804 38 1241 1679 464 642 
464 4198 4216 567 
464 46 1520 105 48 1772 309 
13 134 286 41 4206 428 464 642 
1172 1743 222 197 60 673 4217 464 
21 4214 4215 1964 804 464 642 
4218 2265 4219 136 4176 3015 18 919 878 4220 464 
1172 1743 222 197 60 673 4217 464 
679 4130 4131 2150 4132 4133 104 2826 118 464 
679 4221 1553 1726 128 464 95 
625 4213 2829 188 1076 96 136 1853 2282 464 
679 4130 4131 2150 4132 4133 104 2826 118 464 
679 4130 4131 2150 4132 4133 104 2826 118 464 
639 65 102 2544 464 
639 65 102 2544 464 
1172 1743 222 197 60 673 4217 464 
2136 4222 163 504 464 625 642 
1091 1107 464 642 1734 3425 
1091 1107 464 642 1734 3425 
206 2057 568 2058 2255 464 625 1734 66 
1380 26 464 
60 224 464 
55 2167 2257 464 
1567 818 522 503 692 503 464 
206 2057 568 2058 2255 464 
206 2057 568 2058 2255 464 642 
206 2057 568 2058 2255 464 752 
639 65 102 2544 464 
269 3188 1647 464 136 4223 4224 
206 2057 568 2058 2255 464 752 
1781 522 2345 346 4226 4227 1573 464 
1088 60 2398 25 464 642 4228 
1088 60 2398 25 464 642 4228 
1088 60 2398 25 464 642 4228 
55 334 1233 3043 217 922 464 
55 334 1233 3043 217 922 464 
55 334 1233 3043 217 922 464 
55 334 1233 3043 217 922 464 
105 1536 464 
105 1536 464 
785 317 2687 719 4229 1134 464 
206 2057 568 2058 2255 464 752 
785 317 2687 719 4229 1134 464 
4230 4231 17 664 464 
4232 55 136 1412 4233 211 464 
105 561 567 464 4234 
4230 4231 17 664 464 
4231 17 664 464 
65 4157 60 464 4212 
105 1536 464 
105 1536 464 4235 
1485 741 820 1614 60 464 
46 1520 105 48 1772 309 464 
639 65 102 2544 464 
464 642 95 4236 
36 4237 962 39 3831 626 878 464 4238 95 
4239 1768 209 105 445 473 1837 367 4240 464 
4239 1768 4241 445 785 4242 4240 464 
945 464 642 105 
2544 4243 2210 464 
2544 4243 2210 464 
4244 464 376 3018 4245 42 
4244 464 376 3018 4245 42 
4244 464 376 3018 4245 42 
626 875 634 9 658 512 970 464 4246 
2045 105 2320 84 2320 4248 464 
2310 2485 878 111 464 
4244 464 376 3018 4245 42 
2310 2485 878 111 464 
2310 2485 878 111 464 
4249 2310 2485 878 111 464 
4247 464 
464 1076 231 233 4250 4251 402 522 
1696 4252 18 464 
1696 4252 18 464 
1696 4252 18 464 
1696 4252 18 464 
1696 4252 18 464 
1696 4252 18 464 
4253 825 4254 260 4255 4256 1757 4257 3402 464 
36 936 250 4258 1473 4259 464 4193 
4260 188 4261 457 785 825 4253 3402 464 642 
4244 464 376 3018 4245 42 
618 464 0 4262 60 919 136 233 1649 
464 626 878 634 4263 4264 
1696 4252 18 464 
4244 464 376 3018 4245 42 
4265 3368 1127 464 
105 48 919 428 4266 16 1002 464 
4247 464 
105 48 919 428 4266 16 1002 464 
464 626 878 634 4263 4264 
618 464 0 4262 60 919 136 233 1649 
105 48 919 428 4266 16 1002 464 
876 464 4262 1373 95 
876 464 4262 1373 95 
642 2126 464 1463 955 
1841 46 105 2045 102 464 
1841 46 105 2045 102 464 
876 464 4262 1373 95 
1841 46 105 2045 102 464 
245 39 4176 464 
618 464 0 4262 60 919 136 233 1649 
626 878 634 4263 4264 464 4267 
464 4268 1816 1272 18 1842 986 198 
4269 3987 66 4270 4158 2136 464 
4269 3987 66 4270 4158 2136 464 
4269 3987 66 4270 4158 2136 464 
639 65 102 2544 464 
4269 3987 66 4270 4158 2136 464 
4247 464 
618 464 0 4262 60 919 136 233 1649 
4269 3987 66 4270 4158 2136 464 
2544 4243 2210 464 
1696 4252 18 464 
4269 3987 66 4270 4158 2136 464 
4269 3987 66 4270 4158 2136 464 
73 377 464 2126 
1495 63 595 2038 65 464 
73 377 464 2126 
73 377 464 2126 
1172 223 222 4272 60 0 464 
1172 223 222 4272 60 0 464 
4269 3987 66 4270 4158 2136 464 
919 562 563 3095 105 464 4150 
220 63 1459 1536 105 464 1683 4273 
220 188 4274 1726 118 1683 464 
220 188 4274 1726 118 1683 464 
220 63 1459 1536 105 464 1683 4273 
919 562 563 3095 105 464 4150 
919 562 563 3095 105 464 4150 
4275 571 549 571 375 217 4276 464 
1355 4277 4278 136 3195 147 134 464 
642 2126 464 1463 955 
238 1732 464 642 
1418 4279 4280 139 206 642 464 
1418 4279 4280 139 206 642 464 
1418 4279 4280 139 206 642 464 
1602 17 4281 4282 136 4283 4284 1266 464 4285 
1418 4279 4280 139 206 642 464 
238 1732 464 642 
424 36 4286 1316 4287 571 464 
1418 4279 4280 139 206 642 464 
245 39 4176 464 
487 4288 4289 4290 705 625 2595 4291 2595 464 
464 4292 269 1841 105 3488 4293 209 1272 1837 198 4294 
464 4292 269 1841 105 3488 4293 209 1272 1837 198 4294 
464 4292 1841 105 3488 4293 209 1272 1837 
464 4292 1841 105 3488 4293 209 1272 1837 
464 4292 1841 105 3488 4293 209 1272 1837 
464 4292 1841 105 3488 4293 209 1272 1837 
13 634 464 1683 1723 1017 2960 4295 205 
1418 4279 4280 139 206 642 464 
13 634 464 1683 1723 1017 2960 4295 205 
13 634 464 1683 1723 1017 2960 4295 205 
13 634 464 1683 1723 1017 2960 4295 205 
464 1265 253 
17 1756 1757 1758 1759 464 
618 634 1241 2167 4296 2539 4297 464 
1127 579 1568 522 464 
618 634 1241 2167 4296 2539 4297 464 
250 66 13 2606 456 484 1696 653 464 
250 66 13 2606 456 484 1696 653 464 
4298 66 4299 620 4300 3030 464 4262 
464 55 28 1233 3043 4301 922 549 
464 4292 1841 105 3488 4293 209 1272 1837 
250 66 13 2606 456 484 1696 653 464 
464 18 4302 4303 105 1202 128 4304 4305 4306 
1088 60 2398 25 464 642 4228 
464 4292 1841 105 3488 4293 209 1272 1837 
250 66 13 2606 456 484 1696 653 464 
4307 224 397 1568 464 
4307 224 397 1568 464 
250 66 13 2606 456 484 1696 653 464 
4230 4231 17 664 464 
464 4292 269 1841 105 3488 4293 209 1272 1837 198 4294 
1712 4043 1316 4287 571 464 
60 224 464 4308 4309 
464 4310 642 1723 3567 4311 4312 3873 844 
464 
250 66 13 2606 456 484 1696 653 464 
4316 102 464 
4230 4231 17 664 464 
1629 100 4317 4318 75 1181 269 247 768 464 
65 102 4314 632 464 
1463 955 464 4308 4319 
4230 4231 17 664 464 
4320 1535 4321 1536 464 4308 4309 
65 102 4314 632 464 
464 55 241 553 240 1 
4230 4231 17 664 464 
1463 955 71 464 1397 
65 102 4314 632 464 
65 102 4314 632 464 
65 102 4314 632 464 
65 102 4314 632 464 
17 1756 1757 1758 1759 464 
2542 464 4262 4310 
1712 4043 1316 4287 571 464 
2542 464 4262 4310 
1712 4043 1316 4287 571 464 
2542 464 4262 4310 
1210 1762 376 17 1373 404 464 1763 
1210 1762 376 17 1373 404 464 1763 
4298 66 4299 620 4300 3030 464 4262 
1210 1762 376 17 1373 404 464 1763 
17 1756 1757 1758 1759 464 
17 1756 1757 1758 1759 464 
817 28 4322 4323 269 188 1029 4324 464 
817 28 4322 4323 269 188 1029 4324 464 
4325 26 464 
1726 4326 4327 1428 4328 464 
4329 4330 4331 1723 1910 4332 464 
464 18 4302 4303 105 1202 128 4304 4305 4306 
4329 4330 4331 1723 1910 4332 464 
60 224 464 4333 
17 1756 1757 1758 1759 464 
464 26 625 448 965 4334 
55 2167 464 4335 
60 224 464 4336 
1726 4326 4327 1428 4328 464 
104 102 2210 464 
60 224 464 4336 
4337 4338 464 
4337 4338 464 
104 102 2210 464 
104 102 2210 464 
130 2420 2315 224 464 
464 626 875 136 635 37 4339 39 
60 224 464 4340 
464 626 875 136 635 37 4339 39 
464 626 875 136 635 37 4339 39 
60 224 464 4333 
104 102 2210 464 
104 102 2210 464 
104 102 2210 464 
464 26 625 448 965 4334 
104 102 2210 464 
464 4341 4342 4300 4343 4344 4345 4346 4347 38 3650 
464 4341 4342 4300 4343 4344 4345 4346 4347 38 3650 
464 4341 4342 4300 4343 4344 4345 4346 4347 38 3650 
4348 464 104 102 2210 
626 875 39 4349 464 
464 4341 4342 4300 4343 4344 4345 4346 4347 38 3650 
464 626 875 136 635 37 4339 39 
464 4341 4342 4300 4343 4344 4345 4346 4347 38 3650 
1549 4350 105 4351 4352 105 3022 464 
2023 2379 532 506 66 2324 464 
1422 13 4353 2574 457 623 464 642 
464 4353 562 1791 623 286 1790 1791 
580 94 464 
580 94 464 
580 94 464 
2542 464 4262 4310 
580 94 464 
580 94 464 
580 94 464 
580 94 464 
464 4353 562 1791 623 286 1790 1791 
464 196 13 4354 1399 13 567 4228 1779 
876 919 118 209 168 2162 211 4355 464 
580 94 464 
553 175 1 1418 4279 4356 464 4357 
553 175 1 1418 4279 4356 464 
580 94 464 
2023 2379 532 506 66 2324 464 
580 94 464 
327 84 384 4216 464 
504 104 3888 102 1844 464 
504 1579 3888 102 1844 464 
1380 26 464 4358 4359 
224 55 624 448 464 4358 4360 
2861 4361 391 58 673 464 4362 
2861 4361 391 58 673 464 4362 
580 94 464 
4130 464 4262 105 969 42 
504 104 3888 102 1844 464 
2542 464 4262 4310 
4363 63 3531 4364 464 4262 
4363 63 3531 4364 464 4262 
504 104 3888 102 1844 464 
63 1202 4367 1790 1791 464 4368 
63 1202 4367 1790 1791 464 4368 
4369 4370 4371 919 2302 464 
3368 105 4372 464 4262 
647 635 2765 464 
102 4373 464 
102 4373 464 
2861 4361 391 58 673 464 4362 
2368 269 316 4374 1790 1791 1317 316 23 26 464 
1694 2791 95 2539 4297 464 
464 55 536 4375 4376 4377 4378 50 
647 635 2765 464 
1295 4379 4380 464 
1295 4379 4380 464 
201 102 4262 2126 464 
4128 625 3384 65 464 4157 4381 
4128 625 3384 65 464 4382 
4128 625 3384 65 464 4382 
464 4383 4384 750 862 58 4385 
1679 464 4386 
464 4383 4384 750 862 58 4385 
464 4383 4384 750 862 58 4385 
464 4383 4384 750 862 58 4385 
60 1239 55 817 464 4368 4387 
60 1239 55 817 464 4368 4389 
60 1239 55 817 464 4368 4387 4388 
105 1536 464 4262 2302 
105 1536 464 4262 2302 
424 36 771 4199 1316 464 
1797 947 4392 771 1099 4393 1870 464 
128 2302 464 4262 4394 4395 
105 1536 464 4262 2302 
1797 947 4392 771 1099 4393 1870 464 
4396 2302 464 4262 128 4395 
1797 947 4392 771 1099 4393 1870 464 
424 36 771 4199 1316 464 
4396 2302 464 4262 128 4395 
4396 2302 464 4262 128 4395 
128 2302 464 4262 4394 4395 
128 2302 464 4262 4394 4395 
102 2210 464 
102 2210 464 
136 1679 617 999 4397 3124 4178 144 136 464 
102 2210 464 
102 2210 464 
102 2210 464 
580 94 4297 464 1734 
4398 26 134 211 580 94 4242 464 
1797 947 4392 771 1099 4393 1870 464 
464 1679 617 483 999 120 414 3124 4178 
464 804 4399 624 
1797 947 4392 771 1099 4393 1870 464 
663 447 664 464 
663 447 664 464 
1964 817 1143 464 61 4262 1683 
580 94 4297 464 1734 
464 55 28 1071 922 4400 174 4401 
663 447 664 464 
31 464 
1136 1554 464 642 4402 
1136 1554 464 642 4402 
1136 1554 464 642 4402 
1136 1554 464 642 4402 
1136 1554 464 642 4402 
464 4408 39 4409 49 237 4410 4411 4410 4412 4413 1500 
464 972 265 4414 1691 1460 
4403 2503 4404 4405 397 51 346 4406 201 464 4407 
972 265 4414 1691 1460 464 
464 972 265 4414 
972 265 4414 1691 1460 464 
464 4408 39 4409 49 237 4410 4411 4410 4412 4413 1500 
464 972 265 4414 1691 1460 
60 224 464 4358 4418 
4419 4420 4421 4422 4423 464 
4419 4420 4421 4422 4423 464 
626 875 635 39 464 13 
626 875 635 39 464 13 
1679 617 483 999 120 414 3124 4178 464 4424 
464 4383 4384 750 862 58 4385 
119 986 188 109 464 
464 4383 4384 750 862 58 4385 
464 712 217 238 536 1567 562 563 
1777 1731 105 1554 464 4425 
237 815 1126 2359 745 464 4262 
227 4420 4421 4422 4423 464 642 
625 918 9 4356 464 
4426 223 222 197 673 60 424 464 
1455 4427 4428 4429 3578 1639 55 220 464 
464 1847 4430 395 1536 4431 
464 1847 4430 395 1536 4431 
105 47 4432 269 4433 464 
4434 2337 464 61 
55 595 168 1824 1006 61 61 464 13 4435 
464 
464 61 4436 4437 
202 60 517 1899 1696 464 
202 60 517 1899 1696 464 
202 60 517 1899 1696 464 
202 60 517 1899 1696 464 
60 224 464 4358 4438 
55 334 1233 3043 217 922 549 464 61 2766 
107 999 224 51 34 464 4358 4418 205 
1567 428 4440 224 464 4358 4418 
464 551 61 1 154 
51 34 549 161 464 4356 
551 61 4180 464 
60 224 464 4358 4418 
464 4180 551 61 
464 61 2766 50 4441 534 4442 71 4262 
4443 4444 112 4445 936 464 61 2766 
224 4446 4447 61 464 
50 4402 2298 919 65 669 464 2068 
224 4446 4447 61 464 
224 4446 4447 61 464 
4448 686 1059 75 102 209 168 1844 464 
4448 686 1059 75 102 209 168 1844 464 
4448 686 1059 75 102 209 168 1844 464 
4448 686 1059 75 102 209 168 1844 464 
4448 686 1059 75 102 209 168 1844 464 
4448 686 1059 75 102 209 168 1844 464 
4448 686 1059 75 102 209 168 1844 464 
4448 686 1059 75 102 209 168 1844 464 
4262 1295 383 595 13 4449 4155 2367 464 61 3349 4450 
61 464 2766 
1265 123 61 2766 464 2190 
107 999 224 51 34 464 4358 4418 
63 323 624 532 2645 23 464 
4448 686 1059 75 102 209 168 1844 464 
63 323 624 532 2645 23 464 
63 323 624 532 2645 23 464 
464 
55 334 1233 3043 217 922 549 464 
55 334 1233 3043 217 922 549 464 
1726 1349 65 224 464 
1726 1349 65 224 464 
1015 1712 571 549 464 61 4451 
4443 4444 112 4445 936 464 61 2766 4357 
1015 1712 571 549 464 61 4451 
4262 464 4113 60 201 
55 4452 304 1233 188 3043 4301 922 549 464 61 
904 576 796 1405 1460 464 61 
1677 428 931 128 26 4453 464 
1677 428 931 128 26 4453 464 
1677 428 931 128 26 4453 464 
1677 428 931 128 26 4453 464 
1677 428 931 128 26 4453 464 
1677 428 931 128 26 4453 464 
829 549 4454 205 2766 464 659 
3196 522 817 464 61 
1677 428 931 128 26 4453 464 
560 1677 105 595 464 
55 449 450 458 464 
55 449 450 458 464 
710 622 647 86 595 61 4455 95 464 
3196 522 817 464 61 
1354 710 622 647 86 464 
503 4456 105 51 346 1677 61 4457 464 
560 1677 105 595 464 
560 1677 105 595 464 
61 464 4458 1066 4459 
2595 419 549 4460 1404 464 61 
2595 419 549 4460 1404 464 61 
2556 4461 723 4462 4364 1571 168 464 
2595 419 549 4460 1404 464 61 
4463 4464 447 61 4358 2766 464 
4463 4464 447 61 4358 2766 464 
2595 419 549 4460 1404 464 61 
2595 419 549 4460 1404 464 61 
4465 224 397 4466 4467 464 
4465 224 397 4466 4467 464 
4465 224 397 4466 4467 464 
4465 224 397 4466 4467 464 
2595 419 549 4460 1404 464 61 
4465 224 397 4466 4467 464 
4465 224 397 4466 4467 464 
63 323 624 532 2645 23 464 
1677 428 931 128 26 4453 464 
4465 224 397 4466 4467 464 
63 323 624 532 2645 23 464 
1677 428 931 128 26 4453 464 
1677 428 931 128 26 4453 464 
4468 686 61 4469 464 4470 
1389 4471 251 464 50 
686 51 346 1570 269 1859 105 464 
686 51 346 1570 269 1859 105 464 
686 51 346 1570 269 1859 105 464 
2595 419 549 4460 1404 464 61 
686 51 346 1570 269 1859 105 464 
1099 4473 1015 4474 4475 526 1295 3667 464 
1354 710 622 647 86 464 
1099 4473 1015 4474 4475 526 1295 3667 464 
2938 591 2116 1009 464 4262 
1099 4473 1015 4474 4475 526 1295 3667 464 
4149 121 571 119 464 2126 
1099 4473 1015 4474 4475 526 1295 3667 464 
725 4468 686 608 464 98 
608 4476 464 4477 4478 4479 
464 608 4262 590 66 4480 830 
608 4476 464 4477 4478 4479 
608 4476 464 4477 4478 4479 
608 4476 464 4477 4478 4479 
608 4476 464 4477 4478 4479 
464 608 4262 590 66 4480 830 
608 464 4472 
608 464 4472 
4465 224 397 4466 4467 464 
4465 224 397 4466 4467 464 
17 464 
608 464 4472 
17 464 
237 815 1126 2359 745 464 4262 
669 445 363 631 464 
669 445 363 631 464 
669 445 363 631 464 
464 608 4262 590 66 4480 830 
17 464 
2136 447 545 4481 464 
4482 2890 464 4483 4484 
238 1732 608 464 
2045 105 2320 4485 61 464 4470 608 
621 367 4486 1668 357 402 642 464 
4487 623 2813 128 464 
608 571 1712 4488 1316 4287 571 464 
1995 23 425 426 4489 136 435 436 608 464 
327 154 464 
4490 4491 479 425 426 952 464 
608 425 426 4492 17 2071 464 
4487 623 2813 128 464 
1726 1762 376 65 204 48 608 464 
1370 4493 4494 4495 464 608 
144 4496 13 4394 98 464 608 
1677 367 2324 4497 357 750 2503 723 608 464 
461 462 425 426 144 463 437 464 
461 462 425 426 144 463 437 464 
608 571 1712 4488 1316 4287 571 464 4498 
506 66 4499 1333 4500 1649 4501 116 1643 136 233 642 464 
105 4502 262 48 1675 608 464 
105 4502 262 48 1675 608 464 
648 4503 3010 4504 26 464 608 
144 4496 13 4394 98 464 608 
1677 367 2324 4497 357 750 2503 723 608 464 
4262 105 464 4505 2126 
46 105 48 1675 919 61 608 4505 464 4262 
3081 608 4262 464 4506 
188 282 198 206 357 36 97 523 61 464 
188 282 198 206 464 282 608 
188 282 198 206 608 4262 464 4507 
188 282 198 206 357 36 97 523 61 464 
606 185 4508 4509 13 4510 50 464 625 
168 1696 1247 23 224 2868 464 
4511 4303 168 464 4512 756 4513 168 2245 
4511 4303 168 464 4512 756 4513 168 2245 
578 144 586 425 426 608 464 2126 
578 144 586 425 426 608 464 2126 
4514 4515 4463 2086 1742 61 464 
4262 13 804 38 1241 1679 464 
4514 4515 4463 2086 1742 61 464 
4521 1884 4522 105 1404 464 1886 13 
4521 1884 4522 105 1404 464 1886 13 
578 144 586 425 426 464 
608 578 144 586 425 426 464 4523 
4524 4525 3237 4526 4527 1015 608 464 
121 4464 4528 2046 752 464 
121 4529 4003 1121 73 534 464 
4514 4515 4463 2086 1742 61 464 
60 4530 464 
60 4530 464 
60 4530 464 
4530 391 102 4211 1980 464 
1579 63 643 147 147 384 562 1529 464 
352 608 464 220 
3480 464 608 
55 2086 553 464 2126 
81 82 51 346 464 642 1733 
982 641 144 425 426 608 464 
982 641 144 425 426 608 464 
202 473 1894 631 1824 2677 919 82 17 464 
379 4535 4534 464 608 2068 
4534 464 608 2068 
982 641 144 425 426 608 464 
1620 4536 47 635 858 4537 464 
1620 4536 47 635 858 4537 464 
1620 4536 47 635 858 4537 464 
1620 4536 47 635 858 4537 464 
592 4538 338 4539 464 
1620 4536 47 635 858 4537 464 
592 4538 338 4539 464 
1620 4536 47 635 858 4537 464 
1620 4536 47 635 858 4537 464 
1172 1757 4540 51 563 464 
1172 1757 4540 51 563 464 
579 27 564 618 4541 4542 464 4543 
519 1726 1176 1301 1964 4546 65 1733 464 
4262 13 1302 202 211 1923 1076 1797 464 3381 
1302 202 211 1923 1076 1797 608 709 464 
579 27 564 618 4541 4542 464 4543 
817 1295 4301 464 
4548 4549 112 3561 2125 3938 464 
17 1841 464 4550 
39 95 4236 4551 464 
1677 1872 522 817 464 
2136 4158 105 165 128 65 4552 4553 464 
4519 1071 310 4554 4555 47 464 4542 
2167 269 4556 46 258 4557 608 464 
96 4560 4561 2168 4562 4563 61 464 
4564 4565 105 4566 4567 61 464 4483 
457 785 3039 2544 741 50 608 464 
562 563 209 105 4568 858 464 608 1015 66 13 
562 563 209 105 4568 858 464 608 1015 66 13 
4463 4464 447 61 4358 2766 464 
105 673 447 50 1376 61 464 4542 608 4262 
105 673 447 50 1376 61 464 4542 608 4262 
4262 13 286 464 66 70 
4262 13 367 1 464 144 703 
4262 13 367 1 464 144 703 
4262 13 367 1 464 144 703 
4572 4262 13 367 1 464 144 703 4573 
4262 13 367 1 464 
519 4574 357 61 464 4542 
519 4574 357 61 464 4542 
464 519 13 1349 1894 4575 532 4576 1 4262 
464 4577 817 4578 1349 1894 
464 4577 817 4578 1349 1894 4262 
464 61 608 4176 639 
464 519 13 1349 1894 4575 532 4576 1 4262 
464 519 13 1349 1894 4575 532 4576 1 4262 
464 187 188 4574 888 889 
4262 13 367 1 464 144 703 
4262 13 367 1 464 144 703 
1726 679 464 
1726 679 464 
1726 679 464 
237 815 2182 174 2068 464 876 
1095 2675 2676 464 4579 
1071 2813 625 1838 4580 310 393 464 4542 
1777 3511 817 61 464 
41 42 43 1643 781 61 4542 464 
207 2009 2010 464 
41 42 43 44 45 464 4581 
43 374 1162 2009 2010 464 4180 
217 1968 46 103 104 47 48 136 464 
41 42 43 536 1567 71 1795 464 
211 1567 464 
4582 752 562 563 464 
217 375 1981 84 464 4542 
238 4583 36 4584 4585 4297 464 
642 608 2337 26 464 567 4539 4587 
425 1023 4588 4589 771 597 144 464 
50 986 4590 55 848 563 680 4591 464 4592 
1913 2009 2010 464 50 1376 
608 60 121 1239 631 248 464 
608 60 121 1239 631 248 464 
60 121 1239 38 1980 876 24 464 
60 121 1239 38 1980 876 24 464 
1881 66 1777 441 24 464 
1972 211 3644 25 172 4594 464 
1972 211 3644 25 172 4594 464 
1972 211 3644 25 172 4594 464 
580 94 608 464 2089 
1972 211 3644 25 172 4594 464 
1972 211 3644 25 172 4594 464 
2000 16 4595 174 936 464 136 
28 1108 4596 790 464 24 4597 
4598 4599 105 286 1089 190 563 24 464 
522 710 323 23 785 955 464 24 4297 
647 464 684 75 4576 567 1031 4600 1031 4601 1031 1855 4435 
647 464 684 75 4576 567 1031 4600 1031 4601 1031 1855 4435 
276 105 48 28 925 4606 4607 24 464 
404 1647 209 104 163 24 464 
276 105 1554 512 639 2225 4608 24 464 608 4609 
1099 2416 276 105 48 512 639 309 24 464 
121 441 3361 1518 50 464 
121 441 3361 1518 50 464 
626 3267 2539 4263 4264 4216 464 24 4610 
626 3267 2539 4263 4264 4216 464 24 4610 
626 3267 2539 4263 4264 4216 464 24 4610 
626 3267 2539 4263 4264 4216 464 24 4610 
626 3267 2539 4263 4264 4216 464 24 4610 
712 428 521 271 4611 476 464 642 4612 
85 86 87 88 89 464 24 4613 
334 4398 26 4216 24 464 4398 26 
712 428 521 271 4611 71 476 4297 464 24 
712 428 521 271 4611 71 476 4297 464 24 
712 428 521 271 4611 71 476 4297 464 24 
663 447 664 50 24 464 608 
24 464 13 4614 
224 4615 1876 1372 224 4615 4616 24 464 608 
712 428 1573 51 346 24 464 
761 4617 47 4297 464 24 
761 4617 47 4297 464 24 
60 121 1239 38 1980 876 24 464 
4448 686 1059 75 102 209 168 1844 464 61 
1172 1155 38 37 23 4297 464 24 
24 464 54 4618 4619 2879 438 439 
334 289 1 1813 240 241 24 464 4620 
136 144 456 457 458 459 460 464 24 4613 
136 2011 136 464 4621 
4262 595 13 24 4622 976 144 841 842 464 
4262 595 13 562 24 3042 2299 464 70 
4568 804 172 4 464 50 
4568 804 172 4 464 50 
4568 804 172 4 464 50 
4568 804 172 4 464 50 
1172 1155 38 37 23 4297 464 24 
327 286 273 95 464 61 24 
4627 2893 224 103 512 639 4297 464 24 
4627 2893 224 103 512 639 4297 464 24 
47 2695 635 111 1768 464 24 4628 
1913 2009 2010 464 24 4528 61 
224 4629 464 
224 4629 464 
4631 4632 4633 606 464 61 
1099 104 47 4567 408 4297 464 24 
1099 104 47 4567 408 4297 464 24 
233 1654 2452 1649 464 50 
4630 23 3412 923 163 4634 94 24 1855 464 
69 4635 202 31 464 
278 233 4636 122 104 50 464 
217 375 1981 84 1582 817 464 24 
1099 104 47 4567 408 4297 464 24 
1972 357 74 3361 1518 464 50 
1972 357 74 3361 1518 464 
1972 357 74 3361 1518 464 
1726 1349 65 224 464 
220 121 2406 2278 464 
54 55 56 57 58 59 4637 24 464 
2136 464 642 608 567 1855 4638 4639 4640 4601 
121 251 1 275 464 50 
1568 2179 4641 1405 1722 853 95 464 61 
121 251 1 275 464 50 
1568 2179 4641 1405 1722 853 95 464 61 
4627 2893 224 103 512 639 4297 464 24 
4627 2893 224 103 512 639 4297 464 24 
4642 464 24 50 
204 104 4643 102 2543 2544 24 464 
278 327 50 464 
278 327 50 464 
278 327 50 464 
278 327 50 464 
634 104 4226 1585 4570 60 464 
4453 723 4644 4645 419 464 50 
4453 723 4644 4645 419 464 50 
4453 723 4644 4645 419 464 50 
4453 723 4644 4645 419 464 
4453 723 4644 4645 419 464 50 
3712 357 2450 464 24 4646 475 136 4647 
4648 3401 464 4649 4650 
91 79 237 238 109 50 464 
91 79 237 238 109 50 464 
91 79 237 238 109 50 464 
128 4651 28 4652 4653 809 4605 464 
91 79 237 238 109 50 464 
633 323 419 771 442 144 464 61 608 
211 4654 144 464 608 642 
4655 4 1063 220 464 
4656 4657 32 4658 563 188 107 464 
144 456 457 458 459 460 24 464 
1646 1076 591 1647 24 464 
1089 18 139 464 24 608 
18 591 17 464 
1325 95 4262 4659 464 4660 
464 24 4528 4661 476 4662 207 2009 2010 
1190 65 24 464 
237 815 239 202 209 105 2182 174 2068 464 608 
237 815 239 202 209 105 2182 174 2068 464 608 
464 24 4663 1524 4467 662 
712 428 521 271 4611 71 476 4297 464 24 
237 815 1126 239 202 209 105 2182 174 2068 464 
136 2000 16 4595 174 936 464 24 3423 
1646 1076 591 136 1647 464 24 4528 4435 
438 54 439 59 1286 4665 464 
438 54 439 59 1286 4665 464 
2032 880 4632 4633 136 1474 4666 144 3932 61 464 
710 4464 24 464 
4630 781 464 24 608 4557 
553 4667 623 464 24 595 147 
28 4668 4669 753 918 874 4670 24 464 61 
919 2879 4671 4672 4673 4614 248 1855 919 24 464 
1568 2179 4641 1405 1722 853 95 464 61 
379 4674 24 464 
60 84 4675 464 24 
60 84 4675 464 24 
1972 357 74 3361 1518 50 464 
1972 357 74 3361 1518 50 464 
1972 357 74 3361 1518 50 464 
9 925 4676 464 
9 925 4676 464 
9 925 4676 464 
9 925 4676 464 
9 925 4676 464 
634 1751 1076 1422 280 24 4267 464 
1568 2179 4641 1405 1722 853 95 464 61 
1671 1672 4677 367 4678 1647 2256 24 464 
1972 357 74 3361 1518 50 464 
1972 357 74 3361 1518 50 464 
301 75 790 464 345 1884 4542 
357 4682 4584 858 464 4683 128 
46 105 2126 464 351 4684 
200 201 464 24 
4353 562 1791 623 286 1790 1791 24 464 447 
464 24 50 1535 4685 329 51 346 2562 
2163 55 625 626 664 4686 4687 464 4688 
472 95 464 
4689 1241 128 24 464 
739 26 464 
750 1031 1668 121 441 3055 464 
739 26 464 
1487 334 624 4690 2635 464 
608 464 
4519 1071 625 1639 1744 1915 393 464 4542 
791 4691 4692 1377 785 2195 17 464 
220 608 4506 464 
1487 334 624 4690 2635 464 
4519 1071 625 1639 1744 1915 393 464 4542 
562 563 209 105 4568 858 464 608 1015 66 13 
1694 2989 4693 464 932 
105 673 447 50 1376 61 464 4542 608 4262 
3043 217 922 549 464 
25 4694 23 202 618 26 464 
4176 13 4695 1901 36 1343 464 
620 4696 2010 4697 4698 4699 4700 464 
25 4694 23 202 618 26 464 
25 4694 23 202 618 26 464 
519 2126 464 
464 4542 4528 23 
464 1733 4257 2765 4701 
464 4542 4262 282 40 4702 339 632 340 
464 4542 4262 282 40 4702 339 632 340 
237 815 2182 174 2068 464 876 
28 753 1795 2431 1230 4703 4704 4705 464 4706 
711 669 4707 147 464 703 
1913 2009 2010 464 4542 4708 
1558 4709 634 104 211 4710 464 608 61 4711 
1558 4709 634 104 211 4710 464 608 61 4711 
1558 4709 634 104 211 4710 464 608 61 4711 
1558 4709 634 104 211 4710 464 608 61 4711 
1558 4709 634 104 211 4710 464 608 61 4711 
1558 4709 634 104 211 4710 464 608 61 4711 
220 1688 464 
1017 136 469 4714 936 2046 202 464 
