625 1466 1420 233 1610 4715 4716 4717 141 2806 785 
785 1420 1367 626 4718 
532 88 1457 825 55 785 
626 4719 4592 4720 1851 4721 785 3287 4722 
626 4719 4592 4720 1851 4721 785 3287 4722 
55 4723 626 17 383 2452 2102 4724 785 66 
55 1851 4721 626 402 4592 626 825 785 3287 
55 1851 4721 626 402 4592 626 825 785 3287 4722 
55 1851 4721 626 402 4592 626 825 785 3287 
785 926 626 4718 
36 55 1487 1 1987 176 4725 4592 785 
36 55 1487 1 1987 176 4725 4592 785 
36 75 976 785 218 
36 75 976 4724 785 
36 75 976 4724 785 
36 55 1487 1 1987 176 4725 4592 785 
249 1417 4726 828 3887 3255 785 
2563 3068 4727 1654 55 47 4725 4592 785 
2563 3068 4727 1654 55 47 4725 4592 785 
2563 3068 4727 1654 55 47 4725 4592 785 
1638 625 564 1639 17 4728 785 
36 1253 476 237 1447 1654 42 4729 4592 785 
55 4730 4731 645 1916 2963 621 4592 4732 785 
55 4730 4731 645 1916 2963 621 4592 4732 785 
55 4730 4731 645 1916 2963 621 4592 4732 785 
1407 1644 55 4730 4731 645 1916 2963 621 4592 4732 785 
4733 4725 4734 55 4730 4731 645 1916 2963 621 4592 4732 785 
785 919 206 1641 1642 626 4718 
175 1641 1642 1 785 66 
175 1641 1642 1 217 66 4735 785 
1031 55 1641 1642 36 4592 785 
625 2452 1655 1649 1662 175 2556 785 825 4592 
55 1798 1457 233 4736 2342 1570 4592 785 
1473 4725 4734 55 1798 1457 233 4736 2342 1570 4592 785 
55 1798 1457 233 4736 2342 1570 4592 785 
125 202 304 55 1601 4592 785 862 
4138 1884 1696 3287 785 4737 
4738 572 2933 47 785 66 
55 3123 4471 1574 1654 2478 4592 785 
785 4739 55 4740 4471 1574 1654 
55 4740 4471 1574 1654 2122 4592 785 
785 3287 55 4740 4471 1574 1654 2122 
4741 2238 1417 2225 4742 4592 785 
4741 2238 1417 2225 4742 4592 785 
2469 2470 2471 2472 9 1618 785 
626 4592 634 377 658 512 1432 970 785 3287 
626 878 634 55 189 785 
626 875 634 9 658 1432 970 785 
55 645 626 1767 3123 4592 785 
626 55 4743 272 4592 785 3287 626 
626 875 2485 55 785 66 
626 1343 2485 55 4744 785 97 
1407 4745 55 645 626 1767 3123 4592 785 
626 55 4743 272 4592 785 3287 
626 55 4743 272 4592 785 3287 
4592 634 1457 878 626 498 1454 1806 828 4746 785 3287 
361 626 875 55 3123 4747 132 4748 4749 785 4592 4750 
785 4739 55 4751 645 626 1767 55 3123 3825 
55 4751 645 626 1767 4592 785 
55 4751 645 626 1767 4592 785 
55 4751 645 626 1767 785 55 
3953 785 2012 1377 634 385 
3953 785 2012 1377 634 385 
36 1343 55 4752 1 4592 4732 785 
121 66 573 2040 2635 4492 4753 233 4754 858 785 
4755 4756 55 3986 4757 4592 785 
4758 4759 4760 264 4761 195 3280 785 
1422 4762 4763 4764 264 785 
4765 4766 4767 4768 132 4769 4770 4771 785 
4765 4766 4767 4768 132 4769 4770 4771 785 
4765 4766 4767 4768 132 4769 4770 4771 785 
626 875 634 9 658 1432 970 785 
4772 1790 1791 723 25 4353 562 890 785 
2936 4773 51 34 36 1798 4342 4774 626 785 4775 
308 2959 4776 562 563 26 4592 785 
785 4739 308 2959 4776 562 563 26 55 2165 
645 55 1872 4618 623 811 4777 4778 785 
645 55 1872 4618 623 811 4777 4778 785 
645 55 1872 4618 623 811 4777 4778 785 
645 55 1872 4618 623 811 4777 4778 785 
4779 4780 653 4781 1076 785 
4779 4780 653 4781 1076 785 
4779 4780 653 4781 1076 785 
4779 4780 653 4781 1076 785 
4779 4780 653 4781 1076 785 
36 1343 55 4752 1 785 
3347 3348 4782 4783 809 1422 4762 579 1644 3009 4784 4785 785 
195 568 241 4440 47 36 785 
4786 1228 4787 785 1602 4788 4789 2791 4790 4791 
265 1454 206 275 1 1880 641 785 
270 855 876 4792 825 785 
55 4730 4793 4487 4682 4794 634 4592 4732 785 
3953 785 4795 2549 211 1574 307 658 105 47 
634 2549 211 1574 658 105 47 785 4796 
4797 626 4798 1241 4799 404 3497 984 4800 785 
395 4 4801 1690 357 536 785 
1356 4693 785 220 3890 
206 4186 2975 1294 4487 4486 785 4592 
206 2975 1294 4186 4487 4486 785 4592 
206 2975 1294 4186 4487 4486 785 4592 
206 2975 1294 4186 4487 4486 785 4592 
457 4802 220 327 2925 223 813 60 2361 457 785 2068 
36 286 4803 59 811 4592 825 785 862 
626 875 4804 163 2963 634 680 785 785 
626 875 4804 163 2963 634 785 626 
1156 269 4805 334 445 631 785 785 
626 875 4804 163 2963 55 634 680 785 
4806 926 66 236 1593 785 
274 275 276 105 36 785 4807 
274 275 276 105 36 785 4807 
785 3068 1229 631 4808 198 
36 286 701 276 105 785 
457 785 4242 112 1377 4809 
63 24 785 464 
4810 402 4811 2932 2437 927 4812 3818 785 785 
55 763 202 4813 2879 734 4592 785 862 
55 763 202 4813 2879 734 4592 785 862 
55 763 202 4813 2879 734 4592 785 862 
55 763 202 4813 2879 734 4592 785 862 
848 17 209 4814 24 785 4815 
4816 803 1593 785 4817 
202 4818 607 2071 17 4819 493 785 4592 
202 4818 607 2071 17 4819 493 785 4592 
202 4818 607 2071 17 4819 493 785 4592 
202 4818 607 2071 17 4819 493 785 4592 
1663 286 202 1854 607 2071 1688 111 1544 3890 4820 785 
785 701 878 1647 2116 4821 66 2252 
55 1469 71 1647 4822 24 2251 986 222 610 785 4815 
3953 785 272 917 1405 
785 4739 825 4823 624 858 876 825 4823 624 858 
4824 4825 3089 4826 785 
4824 4825 3089 4826 785 
929 4176 580 36 785 
237 815 1126 239 202 209 105 2182 174 2068 4180 785 
4797 4827 4828 936 4799 188 404 4800 4829 984 785 
71 220 625 785 
625 785 241 240 1 105 24 2262 
625 785 241 240 1 105 24 2262 
625 785 241 240 1 105 24 2262 
2785 55 734 1341 13 522 2424 785 
2785 55 734 1341 13 522 2424 785 
4830 4831 522 148 4799 269 36 936 4832 3742 214 785 
202 4833 469 36 286 195 785 
4834 3349 4835 4836 3287 4837 4838 785 
4834 3349 4835 4836 3287 4837 4838 785 
4834 3349 4835 4836 3287 4837 4838 785 
189 4839 196 785 
4840 785 4841 4842 116 1854 4843 4844 197 102 
4840 785 4841 4842 116 1854 4843 4844 197 102 
4840 785 4841 4842 116 1854 4843 4844 197 102 1085 
512 112 785 4845 4341 614 2812 4846 626 3742 2563 4847 443 
512 112 785 4845 4341 614 2812 4846 626 3742 2563 4847 443 
512 112 785 4845 4341 614 2812 4846 626 3742 2563 4847 443 
890 4745 13 785 4846 626 3742 2563 4847 443 
785 4848 611 4849 3255 4850 1767 4851 4852 367 
804 825 4853 121 4217 4854 785 
804 825 4853 121 4217 4854 785 
996 130 734 463 4855 1155 785 2984 
996 375 2879 463 4855 1155 785 2984 
485 4856 4857 4858 4722 4859 4860 785 
996 375 2879 463 4855 1155 785 2984 
3497 1668 319 404 1028 50 785 218 
4861 785 4862 4863 626 4097 316 4591 2320 
445 4864 4865 104 4866 785 4253 4867 1654 233 
445 4864 4865 104 4866 785 4253 4867 4868 
445 4864 4865 104 4866 785 4253 4867 4868 
4869 220 1417 785 4870 
785 4871 2514 393 1901 1460 395 4872 
4873 457 785 335 1604 848 1647 
457 785 335 1604 848 1647 
1059 1646 817 457 785 1076 4874 17 
1059 1646 817 457 785 1076 4874 17 
1059 1646 817 457 785 1076 4874 17 
1059 817 1646 785 1076 
1059 817 1646 785 1076 
1059 817 1646 785 1076 
36 1457 1232 785 
55 792 4875 407 825 876 874 457 1065 2514 1143 785 
4876 588 1444 3274 13 4877 4121 801 102 778 4466 4878 4879 1854 4176 785 
4592 485 4880 1442 457 112 1143 785 825 4732 
785 4881 4882 4883 147 24 
876 385 785 2086 827 
243 123 25 4884 4885 4886 4887 2334 1485 4888 4242 761 4889 2519 1469 2161 188 
4731 25 4884 4887 1019 2105 1485 4888 4242 761 4890 321 4891 2519 1469 4892 
243 123 25 4884 4731 4893 2105 1485 4888 321 4891 2519 4894 4895 4242 761 4892 830 
4731 25 4884 4887 1019 2105 1485 4888 4242 761 4890 321 4891 2519 1469 4892 
243 123 25 4884 4885 4886 4887 2334 1485 4888 4242 761 4889 2519 1469 2161 188 
243 123 25 4884 4731 4893 2105 1485 4888 321 4891 2519 4894 4895 4242 761 4892 830 
4731 25 4884 1444 1485 4888 4887 4890 12 4896 4892 830 243 123 321 2519 2161 188 
243 123 25 4884 4731 4893 2105 1485 4888 321 4891 2519 4894 4895 4242 761 4892 830 
243 123 25 4884 4885 4886 4887 2334 1485 4888 4242 761 4889 2519 1469 2161 188 
4731 25 4884 4887 1019 2105 1485 4888 4242 761 4890 321 4891 2519 1469 4892 
4885 4886 4731 25 4884 4893 2105 321 4891 2161 188 2519 4890 1485 4888 4892 830 
243 123 25 4884 4885 4886 4887 2334 1485 4888 4242 761 4889 2519 1469 2161 188 
243 123 25 4884 4885 4886 4887 2334 1485 4888 4242 761 4889 2519 1469 2161 188 
4897 785 321 4891 2161 2519 25 4884 4731 4893 4242 761 1485 4888 
4898 4731 25 4884 1444 4242 761 1485 4888 4887 4890 4899 2519 2161 188 
4897 785 321 4891 2161 2519 25 4884 4731 4893 4242 761 1485 4888 
4898 4731 25 4884 1444 4242 761 1485 4888 4887 4890 4899 2519 2161 188 
243 123 25 4884 4900 4888 4242 4901 321 4891 2161 188 2519 4892 830 4896 
243 123 25 4884 4900 4888 4242 4901 321 4891 2161 188 2519 4892 830 4896 
4897 785 321 4891 2161 2519 25 4884 4731 4893 4242 761 1485 4888 
4731 25 4884 1444 1485 4888 12 4902 2334 321 4903 2519 2161 4904 761 
4731 25 4884 1444 1485 4888 12 4902 2334 321 4903 2519 2161 4904 761 
4897 785 321 4891 2161 2519 25 4884 4731 4893 4242 761 1485 4888 
4731 4893 321 4894 2519 2161 188 4892 830 1485 4888 4242 761 4890 
4905 785 4731 25 4884 4893 756 976 4906 197 4888 830 4892 4242 761 321 2519 
785 4887 4731 4893 4427 4907 4906 197 4888 830 4892 756 321 2519 2161 
12 2736 4427 4907 4906 197 4888 830 4892 4242 761 4890 785 2519 321 
4731 25 4884 785 4887 1485 4888 4892 830 4890 2519 4897 4908 1 756 976 
4893 785 25 4884 4731 4906 197 4888 830 4892 70 756 4242 761 4890 2519 4895 
4731 25 4884 1444 4242 761 4890 2519 4895 4906 197 4888 830 4892 756 976 4886 4909 
4731 25 4884 1444 785 4887 2334 4242 761 4898 321 4891 2161 188 2519 
785 25 4884 4731 4893 4242 761 4906 197 4888 830 4892 756 976 2519 4895 321 
4893 785 25 4884 4731 4906 197 4888 830 4892 70 756 4242 761 4890 2519 4895 
4897 785 321 4891 2161 2519 25 4884 4731 4893 4242 761 1485 4888 4910 4888 
785 25 4884 4731 4893 4242 761 4906 197 4888 830 4892 756 976 2519 4895 321 
4731 25 4884 1444 4242 761 4890 2519 4895 4906 197 4888 830 4892 756 976 4886 4909 
785 4887 4731 25 4884 4893 4892 830 4906 197 4888 4242 761 321 2519 2161 
4897 785 321 4891 2161 2519 25 4884 4731 4893 4242 761 1485 4888 4910 4888 
4731 25 4884 1444 4242 761 4890 2519 4895 4906 197 4888 830 4892 756 976 4886 4909 
12 4731 25 4884 1444 4427 4907 4906 197 4888 4892 830 70 712 976 4897 785 2519 
4905 785 4731 25 4884 4893 756 976 4906 197 4888 830 4892 4242 761 4911 
4731 25 4884 4893 4242 761 4906 197 4888 830 2639 4912 3084 756 4892 830 2519 
785 4731 25 4884 4893 4906 197 4888 4242 761 4892 712 4912 2533 938 2519 
4905 785 25 4884 4731 4893 4242 761 4906 197 4888 830 4892 321 4891 2519 2161 
4905 785 25 4884 4731 4893 4242 761 4906 197 4888 4892 321 4891 2519 2161 
4913 1643 4914 4915 2996 4916 4917 4918 785 
4731 25 4884 4893 2105 785 4242 761 2519 2161 1278 4891 4906 197 4888 4892 756 
785 4731 25 4884 4893 4242 761 2161 2519 321 4891 4906 197 4888 4892 756 
4905 785 25 4884 4731 4893 4242 761 4906 197 4888 4892 321 4891 2519 2161 
4731 4919 25 4884 4906 197 4888 4892 4912 3084 643 458 4920 712 2519 4673 2161 
4731 25 4884 4893 2105 4722 4242 761 4894 4673 2519 321 2161 4906 197 4888 
4905 785 4731 25 4884 4893 756 976 4906 197 4888 830 4892 4242 761 321 2519 
4722 4731 4893 4242 761 4906 197 4888 4892 756 976 70 391 2161 321 2519 
1444 4427 4907 4731 25 4884 4242 761 785 4906 197 4888 4892 321 2519 4895 
4905 785 4731 25 4884 4893 756 976 4906 197 4888 830 4892 4242 761 321 2519 
1444 4427 4907 4731 25 4884 4242 761 785 4906 197 4888 4892 321 2519 4895 
4731 25 4884 4893 2105 4242 761 785 4906 197 4888 4892 4912 2533 938 756 976 2519 
1444 4427 4907 4731 25 4884 4242 761 785 4906 197 4888 4892 321 2519 4895 756 
4722 4731 4893 4242 761 4906 197 4888 4892 756 976 70 391 2161 321 2519 
4905 785 4731 25 4884 4893 756 976 4906 197 4888 830 4892 4242 761 4911 
1444 4427 4907 4731 25 4884 4242 761 785 4906 197 4888 4892 321 
4427 4907 4921 4905 785 4906 197 4888 4892 830 756 976 4890 4922 321 2519 
4722 4731 4893 4242 761 4906 197 4888 4892 756 976 70 391 2161 321 2519 
1444 4427 4907 4731 25 4884 4242 761 785 4906 197 4888 4892 321 2519 4895 756 
4722 4731 4893 4242 761 4906 197 4888 4892 756 976 70 391 2161 321 2519 
4731 25 4884 4893 2105 785 4887 4242 761 4906 197 4888 4892 830 70 391 4923 2519 
4731 4893 785 25 4884 4242 761 4906 197 4888 4892 321 2519 2161 4427 4907 4922 
4731 25 4884 4893 2105 4242 761 785 4906 197 4888 4892 4912 2533 938 756 1546 
25 4884 4731 4893 2105 4905 785 4242 761 4906 197 4888 4887 4892 830 2519 2161 
4897 785 4731 25 4884 4893 4427 4907 4906 197 4888 4242 761 321 4891 2519 
25 4884 4731 4893 2105 4905 785 4242 761 4906 197 4888 4887 4892 830 2519 2161 
4427 4907 4921 4905 785 4906 197 4888 4892 830 756 976 4890 4922 
4427 4907 4921 4905 785 4906 197 4888 4892 830 756 976 4890 4922 321 2519 
1444 4427 4907 4731 25 4884 4242 761 785 4906 197 4888 4892 321 2519 4895 756 
4427 4907 4921 4905 785 4906 197 4888 4892 830 756 976 4890 4922 321 2519 
25 4884 4731 4893 2105 785 4242 761 4906 197 4888 4892 830 321 2161 2519 4895 
4427 4924 982 4731 785 4887 4906 197 4888 4892 4912 2533 938 756 2519 2161 
4731 4893 2105 785 4887 2334 4242 761 4898 4906 197 4888 321 2519 4892 
4731 2736 2105 4242 761 785 4887 4906 197 4888 4892 321 2519 756 976 70 391 
1543 919 1451 4925 785 862 1476 1489 
25 4884 4731 4893 2105 4905 785 4242 761 4906 197 4888 4887 4892 830 2519 2161 
4731 4893 2105 785 4887 2334 4242 761 4898 4906 197 4888 321 2519 4892 
4731 25 4884 4893 2105 785 2334 4242 761 4906 197 4888 4892 2519 321 2161 756 
4731 25 4884 1444 785 4887 4242 761 4906 197 4888 4892 756 976 2519 4895 12 4896 
1444 4427 4907 4731 25 4884 4242 761 785 4906 197 4888 4892 321 2519 
1444 4427 4907 4731 25 4884 4242 761 785 4906 197 4888 4892 321 2519 844 
25 4884 4731 4893 2105 4905 785 4242 761 4906 197 4888 4887 4892 830 2519 2161 
4731 25 4884 4893 2105 785 4887 2334 4910 4888 4892 4242 761 756 2519 4895 2161 
785 4887 2334 4893 4731 4242 761 4906 197 4888 4892 4890 2519 4895 756 
3953 785 251 233 3492 
4731 25 4884 4893 2105 785 4887 2334 4910 4888 4892 4242 761 756 2519 4895 
25 4884 4731 4893 2105 4905 785 4242 761 4906 197 4888 4887 4892 830 2519 
1444 4427 4907 4731 25 4884 4242 761 785 4906 197 4888 4892 321 2519 844 
785 4731 25 4884 4893 4926 4242 761 4927 2736 2533 938 4906 197 4888 2519 
4926 4887 2334 4893 4242 761 4927 4928 4906 197 4888 4892 70 391 785 2519 
4731 25 4884 4893 2105 785 4887 2334 4910 4888 4892 4242 761 756 2519 4895 2161 
4926 4887 2334 4893 4242 761 4927 4928 4906 197 4888 4892 70 391 4613 
785 2334 4731 4893 4906 197 4888 4892 830 4242 761 4427 4924 756 976 4890 2519 
4897 785 4731 25 4884 4893 4427 4907 4906 197 4888 4242 761 321 4891 2519 
785 4887 4731 25 4884 4893 4926 4242 761 4892 830 4910 4888 2519 321 
785 4887 2334 4731 4893 4926 4892 830 4242 761 4910 4888 756 976 70 391 2519 
4905 785 25 4884 4731 4893 4242 761 4892 830 4910 4888 2161 321 4891 2519 
4427 4907 4921 4905 785 4906 197 4888 4892 830 756 976 4890 4922 321 2519 
785 2334 4731 4893 2105 4926 4892 830 4242 761 4910 4888 321 4891 2519 756 
4929 4887 2334 4731 4893 785 4892 830 4242 761 4910 4888 4930 756 976 2519 
25 4884 4731 4893 2105 785 4887 4926 4242 761 4892 830 4910 4888 2519 756 2161 
785 2334 4731 4893 2105 4926 4892 830 4242 761 4910 4888 321 4891 2519 756 
4929 4887 2334 4731 4893 785 4892 830 4242 761 4910 4888 4930 756 976 2519 
4427 4907 4921 4905 785 4906 197 4888 4892 830 756 976 4890 4922 
785 2334 4731 4893 2105 4926 4892 830 4242 761 4910 4888 321 4891 
25 4884 4731 4893 2105 785 4887 4926 4242 761 4892 830 4910 4888 2519 756 2161 
785 4887 4731 25 4884 4893 4926 4242 761 4892 830 4910 4888 2519 321 756 
785 2334 4731 4893 2105 4926 4892 830 4242 761 4910 4888 321 4891 2519 756 
785 2334 4731 4893 2105 4926 4892 830 4242 761 4910 4888 321 4891 2519 756 
4427 4907 4921 4905 785 4906 197 4888 4892 830 756 976 4890 4922 321 2519 
25 4884 4731 4893 2105 785 4887 4926 4242 761 4892 830 4910 4888 2519 4931 
4929 4887 2334 4731 4893 785 4892 830 4242 761 4910 4888 4930 756 
785 4926 2334 4731 4893 4242 761 4927 4910 4888 4892 830 2519 321 756 976 
4731 4893 2105 785 4887 4926 4242 761 4892 830 4910 4888 321 2519 756 
785 2334 4731 4893 4242 761 4926 4927 458 4910 4888 4892 830 756 976 2519 
4926 4887 2334 4731 4932 785 4242 761 4910 4888 4892 2519 2533 938 756 
785 2334 4731 4893 4242 761 4926 4927 458 4910 4888 4892 830 756 976 4933 
785 4731 25 4884 1444 4242 761 4926 4887 4910 4888 4892 830 4890 756 2519 2161 
4926 4887 2334 4731 4932 785 4242 761 4910 4888 4892 2519 2533 938 756 
785 4731 25 4884 4893 4926 4242 761 4927 2736 2533 938 4906 197 4888 4934 
4427 4907 4921 4905 785 4906 197 4888 4892 830 756 976 4890 4922 
4905 785 25 4884 4731 4893 4242 761 4892 830 4910 4888 2161 321 4891 2519 
785 4926 2334 4731 4893 4242 761 4927 4910 4888 4892 830 2519 321 756 976 
4897 785 4731 25 4884 4893 4427 4907 4906 197 4888 4242 761 321 4891 2519 
4427 4907 4921 4905 785 4906 197 4888 4892 830 756 976 4890 4922 321 2519 
785 2334 4731 4893 2105 4926 4892 830 4242 761 4910 4888 321 4891 2519 756 
1543 919 1451 4925 785 862 1476 1489 
4731 25 4884 1444 785 4887 2334 4242 761 4910 4888 4892 830 4890 2519 756 976 
785 4887 2334 4731 4893 4926 4892 830 4242 761 4910 4888 756 976 
4427 4907 4921 4905 785 4906 197 4888 4892 830 756 976 4890 4922 
785 4887 4731 25 4884 4893 4926 4242 761 4892 830 4910 4888 2519 
785 4731 25 4884 1444 4242 761 4926 4887 4910 4888 4892 830 4890 756 
4926 4887 2334 4731 4932 785 4242 761 4910 4888 4892 2519 2533 938 
4427 4907 4921 4905 785 4906 197 4888 4892 830 756 976 4890 4922 
4897 785 4731 25 4884 4893 4427 4907 4906 197 4888 4242 761 321 
785 4926 2334 4731 4893 4242 761 4927 4910 4888 4892 830 2519 321 
4905 785 25 4884 4731 4893 4242 761 4892 830 4910 4888 2161 321 
785 25 4884 4731 4893 4926 4887 4242 761 4892 830 4910 4888 2519 2161 4897 
4427 4907 4921 4905 785 4906 197 4888 4892 830 756 976 4890 4922 
4926 4887 2334 4731 4932 785 4242 761 4910 4888 4892 2519 2533 938 
4897 785 4731 25 4884 4893 4427 4907 4906 197 4888 4242 761 321 4891 2519 
785 4731 25 4884 4893 4890 4892 830 4242 761 4910 4888 2519 321 2161 
785 4887 2334 4731 4893 4926 4892 830 4242 761 4910 4888 756 976 70 391 2519 
2554 202 116 469 785 3381 4935 
4427 4907 4921 4905 785 4906 197 4888 4892 830 756 976 4890 4922 321 2519 
785 4887 4731 25 4884 4893 4926 4242 761 4892 830 4910 4888 2519 321 756 
4427 4907 4921 4905 785 4906 197 4888 4892 830 756 976 4890 4922 
4427 4907 4921 4905 785 4906 197 4888 4892 830 756 976 4890 4922 321 2519 
785 4731 25 4884 4893 4936 4242 761 4910 4888 4892 830 2519 70 391 321 2161 756 
4897 785 4731 25 4884 4893 4427 4907 4906 197 4888 4242 761 321 
785 4731 25 4884 1444 4242 761 4926 4887 4910 4888 4892 830 4890 756 
4897 785 4731 25 4884 4893 4427 4907 4906 197 4888 4242 761 321 
785 4887 2334 4731 4893 4926 4892 830 4242 761 4910 4888 756 976 
785 4731 25 4884 4893 4890 4892 830 4242 761 4910 4888 2519 321 
785 4887 4731 25 4884 4893 4926 4242 761 4892 830 4910 4888 2519 
4427 4907 4921 4905 785 4906 197 4888 4892 830 756 976 4890 4922 
4427 4907 4921 4905 785 4906 197 4888 4892 830 756 976 4890 4922 321 2519 
785 4887 4731 25 4884 4893 4926 4242 761 4892 830 4910 4888 2519 
785 4731 4893 4887 2334 4242 761 4890 4910 4888 4892 830 2519 756 976 
25 4884 4731 4893 785 4887 4242 761 70 756 976 4910 4888 4892 830 2519 2161 
4731 25 4884 4893 785 4887 756 70 391 4910 4888 4242 761 4892 830 4937 2519 
4427 4907 4921 4905 785 4906 197 4888 4892 830 756 976 4890 4922 
785 4926 2334 4731 4893 4242 761 4927 4910 4888 4892 830 2519 321 
4427 4907 4921 4905 785 4906 197 4888 4892 830 756 976 4890 4922 
4731 25 4884 4893 785 4887 756 70 391 4910 4888 4242 761 4892 830 4938 
785 4731 4893 4887 2334 4242 761 4890 4910 4888 4892 830 2519 
785 25 4884 4731 4893 2105 4926 4887 4892 830 4910 4888 2519 321 2161 756 
785 2334 4731 4893 2105 4926 4892 830 4242 761 4910 4888 321 4891 
785 2334 4731 4893 2105 4926 4892 830 4242 761 4910 4888 321 4891 
785 4926 2334 4731 4893 4242 761 4927 4910 4888 4892 830 2519 321 
47 1677 3381 785 
4427 4907 4921 4905 785 4906 197 4888 4892 830 756 976 4890 4922 
4427 4907 4921 4905 785 4906 197 4888 4892 830 756 976 4890 4922 
785 4887 2334 4731 4893 4926 4892 830 4242 761 4910 4888 756 976 
4731 25 4884 4893 785 4887 756 70 391 4910 4888 4242 761 4892 830 4938 
4731 25 4884 785 4887 2334 4892 4242 761 4910 4888 4926 2519 321 2161 
785 25 4884 4731 4893 2105 4926 4887 4892 830 4910 4888 2519 321 4939 
785 4731 4893 4887 2334 4242 761 4890 4910 4888 4892 830 2519 756 976 
785 4926 4887 2334 4893 4242 761 4892 4673 4910 4888 2519 2161 4890 
4427 4907 4921 4905 785 4906 197 4888 4892 830 756 976 4890 4922 
785 4926 4887 2334 4893 4242 761 4892 4673 4910 4888 2519 4940 
4427 4907 4921 4905 785 4906 197 4888 4892 830 756 976 4890 4922 
4731 4893 2105 785 4887 2334 4926 4242 761 4910 4888 4892 830 2519 70 391 
4905 785 25 4884 4731 4893 4242 761 4892 830 4910 4888 2161 321 
785 4731 4893 4887 2334 4242 761 4890 4910 4888 4892 830 2519 756 976 
785 4731 25 4884 4893 4936 4242 761 4910 4888 4892 830 2519 70 391 321 2133 
4427 4907 4921 4905 785 4906 197 4888 4892 830 756 976 4890 4922 
4731 25 4884 4893 243 123 2105 785 4887 4242 761 756 4910 4888 4892 830 2519 4926 
4731 25 4884 4893 2105 785 4887 4890 4242 761 4910 4888 756 976 4892 830 2519 
785 4731 4893 4887 2334 4242 761 4890 4910 4888 4892 830 2519 
785 4926 4887 2334 4893 4242 761 4892 4673 4910 4888 2519 4940 
4731 25 4884 4893 4936 785 4887 4242 761 458 4927 4910 4888 4892 830 2519 4926 756 
4905 785 25 4884 4731 4893 4242 761 4892 830 4910 4888 2161 321 
785 4731 25 4884 4893 4936 4242 761 4910 4888 4892 830 2519 70 391 321 2133 
4731 25 4884 4893 4936 785 4887 4242 761 458 4927 4910 4888 4892 830 2519 
4905 785 4887 2334 4731 4893 4910 4888 4242 761 756 976 4927 4892 830 2519 
4731 25 4884 4893 243 123 2105 785 4887 4242 761 756 4910 4888 4892 830 2519 
4731 25 4884 4893 2105 785 4887 4890 4242 761 4910 4888 756 976 4892 
785 4926 4887 2334 4893 4242 761 4892 4673 4910 4888 2519 4940 
4731 25 4884 4893 4936 785 4887 4242 761 458 4927 4910 4888 4892 830 2519 
4941 4189 65 4242 17 4157 71 
65 102 419 2542 41 785 
4427 4907 4921 4905 785 4906 197 4888 4892 830 756 976 4890 4922 
4731 25 4884 4893 4936 785 4887 4242 761 458 4927 4910 4888 4892 830 2519 
785 4926 4887 2334 4893 4242 761 4892 4673 4910 4888 2519 4940 
4731 25 4884 4893 243 123 2105 785 4887 4242 761 756 4910 4888 4892 830 2519 
785 4731 25 4884 4893 4936 4242 761 4910 4888 4892 830 2519 70 391 321 2133 
4731 25 4884 4893 4936 785 4887 4242 761 458 4927 4910 4888 4892 830 2519 
785 4731 25 4884 4893 4936 4242 761 4910 4888 4892 830 2519 70 391 321 2133 
4905 785 4887 2334 4731 4893 4910 4888 4242 761 756 976 4927 4892 830 
4731 25 4884 1444 4893 2105 785 4887 2334 4910 4888 830 4942 4943 2519 
4427 4907 4921 4905 785 4906 197 4888 4892 830 756 976 4890 4922 
785 4731 25 4884 4893 4936 4242 761 4910 4888 4892 830 2519 70 391 321 2133 
4897 785 4731 25 4884 4893 4427 4907 4906 197 4888 4242 761 321 4891 2519 
25 4884 4731 4893 785 4887 4242 761 70 756 976 4910 4888 4892 830 2519 2133 
4731 4893 2105 785 4887 2334 4926 4242 761 4910 4888 4892 830 2519 70 
4722 4887 2334 4731 4893 4890 756 976 4892 830 4242 761 4910 4888 2519 
4427 4907 4921 4905 785 4906 197 4888 4892 830 756 976 4890 4922 321 2519 
4897 785 4731 25 4884 4893 4427 4907 4906 197 4888 4242 761 321 
4722 4887 2334 4731 4893 4890 756 976 4892 830 4242 761 4910 4888 
4731 4893 2105 785 4887 2334 4926 4242 761 4910 4888 4892 830 2519 70 
4427 4907 4921 4905 785 4906 197 4888 4892 830 756 976 4890 4922 
4427 4907 4921 4905 785 4906 197 4888 4892 830 756 976 4890 4922 
4722 4887 2334 4731 4893 4890 756 976 4892 830 4242 761 4910 4888 
4731 4893 2105 785 4887 2334 4926 4242 761 4910 4888 4892 830 2519 70 
4731 25 4884 1444 4893 2105 785 4887 2334 4910 4888 830 4942 4944 
4731 4893 2105 785 4887 2334 4926 4242 761 4910 4888 4892 830 2519 70 
4722 4887 2334 4731 4893 4890 756 976 4892 830 4242 761 4910 4888 
25 4884 4731 4893 785 4887 4242 761 70 756 976 4910 4888 4892 830 2519 2133 
4731 25 4884 4893 2105 785 4887 4242 761 4892 830 4910 4888 756 2519 4926 
4427 4907 4921 4905 785 4906 197 4888 4892 830 756 976 4890 4922 
4926 4887 2334 4731 4932 785 4242 761 4910 4888 4892 2519 2533 938 
785 2334 4731 4893 2105 4926 4892 830 4242 761 4910 4888 321 4891 
4731 25 4884 785 4887 2334 4892 4242 761 4910 4888 4926 2519 321 
4897 785 4731 25 4884 4893 4427 4907 4906 197 4888 4242 761 321 
4722 4887 2334 4731 4893 4890 756 976 4892 830 4242 761 4910 4888 
4731 4893 2105 785 4887 2334 4926 4242 761 4910 4888 4892 830 2519 70 
4731 25 4884 1444 4893 2105 785 4887 2334 4910 4888 830 4942 4944 
4926 4887 2334 4731 4932 785 4242 761 4910 4888 4892 2519 2533 938 756 
4731 25 4884 785 4887 2334 4892 4242 761 4910 4888 4926 2519 321 2161 
4926 4887 2334 4731 4932 785 4242 761 4910 4888 4892 2519 2533 938 
4731 25 4884 4893 2105 785 4887 4242 761 4892 830 4910 4888 2519 2161 756 
4427 4907 4921 4905 785 4906 197 4888 4892 830 756 976 4890 4922 
4427 4907 4921 4905 785 4906 197 4888 4892 830 756 976 4890 4922 
4722 4887 2334 4731 4893 4890 756 976 4892 830 4242 761 4910 4888 
4731 25 4884 785 4887 2334 4892 4242 761 4910 4888 4926 2519 321 
4731 25 4884 785 4887 2334 4892 4242 761 4910 4888 4926 2519 321 
785 4926 4887 4731 4893 4242 761 4910 4888 830 4892 2519 321 756 
785 2334 4731 4893 4926 4242 761 4892 830 4910 4888 2519 2161 1641 182 
4897 785 4731 25 4884 4893 4427 4907 4906 197 4888 4242 761 321 4891 2519 
4427 4907 4921 4905 785 4906 197 4888 4892 830 756 976 4890 4922 
785 2334 4731 4893 4926 4242 761 4892 830 4910 4888 2519 2161 4945 
4897 785 4731 25 4884 4893 4427 4907 4906 197 4888 4242 761 321 
785 2334 4731 4893 4926 4242 761 4892 830 4910 4888 2519 2161 4945 
4427 4907 4921 4905 785 4906 197 4888 4892 830 756 976 4890 4922 
4731 25 4884 785 4887 2334 4892 4242 761 4910 4888 4926 2519 321 2161 
4731 25 4884 4893 2105 785 4887 4242 761 4892 830 4910 4888 756 2519 
785 4926 4887 4731 4893 4242 761 4910 4888 830 4892 2519 4946 
4731 4893 2105 785 4887 2334 4926 4242 761 4910 4888 4892 830 2519 70 
785 4926 4887 4731 4893 4242 761 4910 4888 830 4892 2519 4946 
4427 4907 4921 4905 785 4906 197 4888 4892 830 756 976 4890 4922 
4731 25 4884 785 4887 2334 4892 4242 761 4910 4888 4926 2519 321 
4731 4893 2105 785 4887 2334 4926 4242 761 4910 4888 4892 830 2519 70 
785 4887 2334 4731 4893 4892 830 4910 4888 2519 756 4890 4242 761 
4926 4887 2334 4731 4932 785 4242 761 4910 4888 4892 2519 2533 938 
4731 25 4884 4893 2105 785 4887 4242 761 4892 830 4910 4888 2519 4947 
4897 785 4731 25 4884 4893 4427 4907 4906 197 4888 4242 761 321 4891 2519 
4427 4907 4921 4905 785 4906 197 4888 4892 830 756 976 4890 4922 
4731 4893 785 4887 2334 4242 761 4892 830 4910 4888 70 391 756 976 2519 
4731 4893 785 4887 2334 4242 761 4892 830 4910 4888 70 391 756 976 
4926 4887 2334 4731 4932 785 4242 761 4910 4888 4892 2519 2533 938 
4427 4907 4921 4905 785 4906 197 4888 4892 830 756 976 4890 4922 
785 4887 4731 4893 756 976 4890 4242 761 4892 830 4910 4888 321 2519 
4722 4887 2334 4731 4893 4890 756 976 4892 830 4242 761 4910 4888 
4427 4907 4921 4905 785 4906 197 4888 4892 830 756 976 4890 4922 
785 4887 2334 4731 4893 4892 830 4910 4888 2519 756 4890 4242 
4897 785 4731 25 4884 4893 4427 4907 4906 197 4888 4242 761 321 
4731 25 4884 4893 2105 785 4887 4926 4242 761 4892 830 4910 4888 756 976 2519 
4890 785 4887 2334 4731 4893 4892 830 4242 761 756 976 4910 4888 2519 
4731 25 4884 4893 2105 785 4887 4242 761 4892 830 4910 4888 2519 2161 756 
4926 4887 2334 4731 4932 785 4242 761 4910 4888 4892 2519 2533 938 
4926 785 4887 2334 271 4731 4893 4242 761 4910 4888 4892 830 756 976 2519 70 391 
4427 4907 4921 4905 785 4906 197 4888 4892 830 756 976 4890 4922 321 2519 
4731 25 4884 4893 2105 785 4887 4926 4242 761 4892 830 4910 4888 756 4948 
4427 4907 4921 4905 785 4906 197 4888 4892 830 756 976 4890 4922 
4427 4907 4921 4905 785 4906 197 4888 4892 830 756 976 4890 4922 
785 4887 4731 4893 756 976 4890 4242 761 4892 830 4910 4888 4949 
4890 785 4887 2334 4731 4893 4892 830 4242 761 756 976 4910 4950 
4731 25 4884 4893 2105 785 4887 4242 761 4892 830 4910 4888 2519 4947 
4926 785 4887 2334 271 4731 4893 4242 761 4910 4888 4892 830 756 976 4933 
4731 25 4884 4893 2105 785 4887 4242 761 4892 830 4910 4888 2519 4947 
4890 785 4887 2334 4731 4893 4892 830 4242 761 756 976 4910 4950 
785 4887 4731 4893 756 976 4890 4242 761 4892 830 4910 4888 4949 
4427 4907 4921 4905 785 4906 197 4888 4892 830 756 976 4890 4922 
4926 785 4887 2334 271 4731 4893 4242 761 4910 4888 4892 830 756 976 4933 
4926 4887 2334 4731 4932 785 4242 761 4910 4888 4892 2519 2533 938 
4427 4907 4921 4905 785 4906 197 4888 4892 830 756 976 4890 4922 
4731 785 4887 2334 1444 4242 761 4910 4888 4892 830 70 391 756 976 2519 321 
4897 785 4731 25 4884 4893 4427 4907 4906 197 4888 4242 761 321 
785 4887 4731 4893 756 976 4890 4242 761 4892 830 4910 4888 4949 
4926 785 4887 2334 271 4731 4893 4242 761 4910 4888 4892 830 756 976 4933 
4890 785 4887 2334 4731 4893 4892 830 4242 761 756 976 4910 4950 
4731 785 4887 2334 1444 4242 761 4910 4888 4892 830 70 391 756 976 2519 1575 
4731 4893 785 4887 2334 4242 761 4892 830 4910 4888 70 391 756 976 
4731 25 4884 785 4887 2334 4892 4242 761 4910 4888 4926 2519 321 
4890 785 4887 2334 4731 4893 4892 830 4242 761 756 976 4910 4950 
4926 785 4887 2334 271 4731 4893 4242 761 4910 4888 4892 830 756 976 4933 
4427 4907 4921 4905 785 4906 197 4888 4892 830 756 976 4890 4922 
25 4884 4731 4893 785 4887 4242 761 70 756 976 4910 4888 4892 830 2519 2133 
4926 4887 271 2097 1476 4242 761 4892 830 4910 4888 756 976 4890 2519 
785 4887 2334 4731 4893 4892 830 4910 4888 2519 756 4890 4242 
4897 785 4731 25 4884 4893 4427 4907 4906 197 4888 4242 761 321 
4731 25 4884 4893 2105 785 4887 4242 761 4892 830 4910 4888 2519 4947 
785 4926 4887 4731 4893 4242 761 4910 4888 830 4892 2519 4946 
4731 4893 785 4887 2334 4242 761 4892 830 4910 4888 70 391 756 976 
4731 25 4884 785 4887 2334 4892 4242 761 4910 4888 4926 2519 321 
4427 4907 4921 4905 785 4906 197 4888 4892 830 756 976 4890 4922 
785 4887 2334 4731 4893 4892 830 4910 4888 2519 756 4890 4242 
4905 785 2334 271 4242 761 4910 4888 4892 830 70 391 4926 458 4951 2519 321 
785 2334 4731 4893 2105 4926 4892 830 4242 761 4910 4888 321 4891 
785 4887 25 4884 4731 4893 4242 761 4892 830 4910 4888 756 976 2519 
4722 4887 2334 4731 4893 4890 756 976 4892 830 4242 761 4910 4888 
4731 785 4887 2334 1444 4242 761 4910 4888 4892 830 70 391 756 976 2519 1575 
785 4926 4887 4731 4893 4242 761 4910 4888 830 4892 2519 4946 
785 2334 4731 4893 2105 4926 4892 830 4242 761 4910 4888 321 4891 
25 4884 4731 4893 785 4887 4242 761 70 756 976 4910 4888 4892 830 2519 2133 
25 4884 4731 4893 785 4887 4242 761 70 756 976 4910 4888 4892 830 2519 2133 
785 4887 25 4884 4731 4893 4242 761 4892 830 4910 4888 756 976 2519 
785 2334 4731 4893 2105 4926 4892 830 4242 761 4910 4888 321 4891 
785 4926 4887 4731 4893 4242 761 4910 4888 830 4892 2519 4946 
25 4884 4731 4893 785 4887 4242 761 70 756 976 4910 4888 4892 830 2519 2133 
4905 785 4887 2334 271 4731 4893 4242 761 4892 830 4910 4888 756 976 321 2519 
785 4887 2334 4731 4893 4892 830 4910 4888 2519 756 4890 4242 
4427 4907 4921 4905 785 4906 197 4888 4892 830 756 976 4890 4922 
4731 785 4887 2334 1444 4242 761 4910 4888 4892 830 70 391 756 976 2519 1575 
4722 4887 2334 4731 4893 4890 756 976 4892 830 4242 761 4910 4888 
785 4926 4887 4731 4893 4242 761 4910 4888 830 4892 2519 4946 
4731 785 4887 2334 1444 4242 761 4910 4888 4892 830 70 391 756 976 2519 1575 
4731 785 4887 2334 1444 4242 761 4910 4888 4892 830 70 391 756 976 2519 1575 
4897 785 4887 271 25 4884 4731 1444 4892 830 4910 4888 756 976 2519 321 
4427 4907 4921 4905 785 4906 197 4888 4892 830 756 976 4890 4922 
4731 4893 2105 785 4887 2334 4926 4242 761 4910 4888 4892 830 2519 70 
4926 785 4887 2334 271 4731 4893 4242 761 4910 4888 4892 830 756 976 4933 
4929 4887 2334 4731 4893 785 4892 830 4242 761 4910 4888 4930 756 
4905 785 4887 2334 271 4731 4893 4242 761 4892 830 4910 4888 756 976 
4897 785 4887 271 25 4884 4731 1444 4892 830 4910 4888 756 976 2519 4949 
2819 2736 785 4887 2334 4910 4888 4892 830 756 976 70 391 4427 4907 2519 
4929 4887 2334 4731 4893 785 4892 830 4242 761 4910 4888 4930 756 
4926 785 4887 2334 271 4731 4893 4242 761 4910 4888 4892 830 756 976 2519 70 391 
2819 2736 785 4887 2334 4910 4888 4892 830 756 976 70 391 4427 4907 2519 
4731 4893 2105 785 4887 2334 4926 4242 761 4910 4888 4892 830 2519 70 
4929 4887 2334 4731 4893 785 4892 830 4242 761 4910 4888 4930 756 
4897 785 4887 271 25 4884 4731 1444 4892 830 4910 4888 756 976 2519 4949 
2819 2736 785 4887 2334 4910 4888 4892 830 756 976 70 391 4427 
4952 2804 412 4890 4897 2077 4905 785 321 2519 4892 830 
4926 785 4887 2334 271 4731 4893 4242 761 4910 4888 4892 830 756 976 4933 
4929 4887 2334 4731 4893 785 4892 830 4242 761 4910 4888 4930 756 
4731 4893 2105 785 4887 2334 4926 4242 761 4910 4888 4892 830 2519 70 
4926 785 4887 2334 271 4731 4893 4242 761 4910 4888 4892 830 756 976 4933 
4427 4907 4921 4905 785 4906 197 4888 4892 830 756 976 4890 4922 
2819 2736 785 4887 2334 4910 4888 4892 830 756 976 70 391 4427 
4926 785 4887 2334 271 4731 4893 4242 761 4910 4888 4892 830 756 976 4933 
2819 2736 785 4887 2334 4910 4888 4892 830 756 976 70 391 4427 
2819 2736 785 4887 2334 4910 4888 4892 830 756 976 70 391 4427 
4427 4907 4921 4905 785 4906 197 4888 4892 830 756 976 4890 4922 
4897 785 4887 271 25 4884 4731 1444 4892 830 4910 4888 756 976 2519 4949 
4905 785 4887 2334 271 4731 4893 4242 761 4892 830 4910 4888 756 976 
4427 4907 4921 4905 785 4906 197 4888 4892 830 756 976 4890 4922 
4905 785 2334 271 4242 761 4910 4888 4892 830 70 391 4926 458 4951 2519 
4731 4893 785 4887 2334 4242 761 4892 830 4910 4888 70 391 756 976 
785 4926 4887 4731 4893 4242 761 4910 4888 830 4892 2519 4946 
4427 4907 4921 4905 785 4906 197 4888 4892 830 756 976 4890 4922 
4926 785 4887 2334 271 4731 4893 4242 761 4910 4888 4892 830 756 976 4933 
785 4926 4887 4731 4893 4242 761 4910 4888 830 4892 2519 4946 
4905 785 2334 271 4242 761 4910 4888 4892 830 70 391 4926 458 4951 2519 
4731 4893 785 4887 2334 4242 761 4892 830 4910 4888 70 391 756 976 
4929 4887 2334 4731 4893 785 4892 830 4242 761 4910 4888 4930 756 
4926 785 4887 2334 271 4731 4893 4242 761 4910 4888 4892 830 756 976 4933 
4897 785 4887 271 25 4884 4731 1444 4892 830 4910 4888 756 976 2519 4949 
4926 785 4887 2334 271 4731 4893 4242 761 4910 4888 4892 830 756 976 4933 
4929 4887 2334 4731 4893 785 4892 830 4242 761 4910 4888 4930 756 
4897 785 4887 271 25 4884 4731 1444 4892 830 4910 4888 756 976 2519 4949 
2819 2736 785 4887 2334 4910 4888 4892 830 756 976 70 391 4427 
785 4926 4887 4731 4893 4242 761 4910 4888 830 4892 2519 4946 
4731 4893 785 4887 2334 4242 761 4892 830 4910 4888 70 391 756 976 
785 4926 4887 4731 4893 4242 761 4910 4888 830 4892 2519 4946 
4905 785 4887 2334 271 4731 4893 4242 761 4892 830 4910 4888 756 976 
4722 4887 2334 4731 4893 4242 761 4910 4888 830 4892 830 4890 2519 4895 
785 4887 2334 4731 4893 4892 830 4910 4888 2519 756 4890 4242 
4905 785 4887 2334 271 4731 4893 4242 761 4892 830 4910 4888 756 976 
2819 2736 785 4887 2334 4910 4888 4892 830 756 976 70 391 4427 
4722 4887 2334 4731 4893 4242 761 4910 4888 830 4892 830 4890 
4722 4887 2334 4731 4893 4242 761 4910 4888 830 4892 830 4890 
3286 188 1579 1815 1521 1813 1731 4953 785 3422 2081 
2819 2736 785 4887 2334 4910 4888 4892 830 756 976 70 391 4427 4907 2519 
785 4887 2334 4954 4731 1476 4242 761 4892 830 4910 4888 756 976 70 391 2519 
4905 785 2334 271 4242 761 4910 4888 4892 830 70 391 4926 458 4951 2519 
785 4926 4887 4731 4893 4242 761 4910 4888 830 4892 2519 4946 
4905 785 2334 271 4242 761 4910 4888 4892 830 70 391 4926 458 4951 2519 
4905 785 4887 2334 271 4731 4893 4242 761 4892 830 4910 4888 756 976 
4905 785 2334 271 4242 761 4910 4888 4892 830 70 391 4926 458 4951 2519 
785 4926 4887 4731 4893 4242 761 4910 4888 830 4892 2519 4946 
512 112 785 4845 4341 538 1399 4955 626 4956 4957 4958 828 4959 
785 4887 2334 271 4731 4893 4242 761 1485 4888 4926 4927 756 70 391 2519 
4905 785 4887 2334 271 4731 4893 4242 761 4892 830 4910 4888 756 976 
512 112 785 4845 4341 538 1399 4955 626 4956 4957 4958 828 4959 
512 112 785 4845 4341 538 1399 4955 626 4956 4957 4958 828 4959 
512 112 785 4845 4341 538 1399 4955 626 4956 4957 4958 828 4959 
785 4887 2334 4954 4731 1476 4242 761 4892 830 4910 4888 756 976 70 
4905 785 4887 2334 271 4731 4893 4242 761 4892 830 4910 4888 756 976 
785 4887 2334 271 4731 4893 4242 761 1485 4888 4926 4927 756 70 391 2519 
2819 2736 785 4887 2334 4910 4888 4892 830 756 976 70 391 4427 
785 4926 4887 4731 4893 4242 761 4910 4888 830 4892 2519 4946 
2819 2736 785 4887 2334 4910 4888 4892 830 756 976 70 391 4427 
785 4926 4887 4731 4893 4242 761 4910 4888 830 4892 2519 4946 
785 4926 4887 4731 4893 4242 761 4910 4888 830 4892 2519 4946 
2819 2736 785 4887 2334 4910 4888 4892 830 756 976 70 391 4427 
2510 189 785 13 4960 3638 4957 4961 367 84 
2510 189 785 13 4960 3638 4957 4961 367 84 
2819 2736 785 4887 2334 4910 4888 4892 830 756 976 70 391 4427 
785 13 4960 4962 4957 4961 367 84 
785 13 4960 4962 4957 4961 367 84 
2819 2736 785 4887 2334 4910 4888 4892 830 756 976 70 391 4427 
163 3030 8 6 4041 785 3101 
2819 2736 785 4887 2334 4910 4888 4892 830 756 976 70 391 4427 
4963 4964 175 6 3668 3101 785 
2819 2736 785 4887 2334 4910 4888 4892 830 756 976 70 391 4427 
2819 2736 785 4887 2334 4910 4888 4892 830 756 976 70 391 4427 
25 4965 4966 1452 4967 820 4968 4176 97 785 
2819 2736 785 4887 2334 4910 4888 4892 830 756 976 70 391 4427 
512 112 785 4845 537 4969 3105 626 4970 4971 4972 4973 4974 2161 
2819 2736 785 4887 2334 4910 4888 4892 830 756 976 70 391 4427 
512 112 785 4845 537 4969 3105 626 4970 4971 4972 4973 4974 2161 
512 112 785 4845 537 4969 3105 626 4970 4971 4972 4973 4974 2161 
890 4745 13 785 626 4970 4971 4972 4973 4974 2161 3381 
4963 4964 175 6 3668 3101 785 
2819 2736 785 4887 2334 4910 4888 4892 830 756 976 70 391 4427 
2819 2736 785 4887 2334 4910 4888 4892 830 756 976 70 391 4427 
2819 2736 785 4887 2334 4910 4888 4892 830 756 976 70 391 4427 
4963 4964 175 6 3668 3101 785 
4963 4964 175 6 3668 3101 785 
4963 4964 175 6 3668 3101 785 
4963 4964 175 6 3668 3101 785 
4963 4964 175 6 3668 3101 785 
4963 4964 175 6 3668 3101 785 
4963 4964 175 6 3668 3101 785 
4963 4964 175 6 3668 3101 785 
4963 4964 175 6 3668 3101 785 
4963 4964 175 6 3668 3101 785 
4963 4964 175 6 3668 3101 785 
625 4975 1399 472 3162 6 265 2996 955 4976 2158 785 3287 
2378 50 785 2379 2380 2381 370 986 147 2382 
206 2975 1294 4186 4487 4486 785 4592 
3953 785 2396 2397 919 8 232 1469 
4348 908 785 4977 2650 367 144 4861 4978 
2010 576 4979 109 406 1813 1859 4980 457 785 
625 4981 197 102 785 1317 128 520 
625 4981 197 102 785 1317 128 520 
